  0.0000E+00
  1.7932E-01
  5.3642E-01
  7.8983E-01
  1.8499E+00
  1.9653E+00
  2.0181E+00
  3.5428E+00
  3.4154E+00
  3.8663E+00
  5.0314E+00
  3.7162E+00
  1.4204E+00
  1.6910E+00
  0.0000E+00
  2.2328E+00
  6.9743E+00
  1.2907E+01
  1.1314E+01
  1.9125E+01
  1.2340E+01
  1.2452E+01
  1.0316E+01
  1.1775E+01
  7.6366E+00
  8.1073E+00
  2.9470E+00
  8.6520E-01
  0.0000E+00
  2.8524E+00
  7.9282E+00
  6.3632E+00
  1.1389E+01
  1.3205E+01
  1.3028E+01
  2.2212E+01
  2.9644E+01
  2.4649E+01
  2.3204E+01
  9.9718E+00
  6.7266E+00
  3.9068E+00
  0.0000E+00
  2.9901E+01
  5.8811E+01
  8.5293E+01
  2.1755E+02
  1.8524E+02
  1.2735E+02
  1.9281E+02
  7.7736E+01
  1.4063E+02
  7.7553E+01
  5.1555E+01
  1.1834E+01
  4.0712E+00
  0.0000E+00
  5.9282E+01
  6.0930E+01
  1.4571E+02
  2.5837E+02
  2.0165E+02
  1.8820E+02
  1.5850E+02
  1.8331E+02
  8.6327E+01
  9.0911E+01
  5.2593E+01
  2.8245E+01
  6.5588E+00
  0.0000E+00
  6.9312E-01
  1.1864E+00
  2.2705E+00
  3.4647E+00
  3.8603E+00
  2.7081E+00
  4.4915E+00
  3.1268E+00
  2.6270E+00
  1.9159E+00
  6.8343E-01
  4.1450E-01
  2.9523E-01
  0.0000E+00
  2.5546E+00
  6.7564E+00
  7.4785E+00
  1.4310E+01
  1.0010E+01
  1.1781E+01
  1.6018E+01
  2.2840E+01
  1.6117E+01
  1.1510E+01
  5.2635E+00
  2.1597E+00
  0.0000E+00
  1.5220E+01
  2.3643E+01
  3.9360E+01
  6.5781E+01
  7.4114E+01
  7.1320E+01
  3.6668E+01
  1.0299E+02
  4.3852E+01
  2.0508E+01
  1.2185E+01
  4.8115E+00
  2.4661E+00
  0.0000E+00
  2.3325E+01
  4.6184E+01
  4.6768E+01
  4.8939E+01
  4.1378E+01
  6.1321E+01
  2.9393E+01
  2.5044E+01
  3.1781E+01
  3.4587E+01
  1.3121E+01
  7.0919E+00
  1.2831E+00
  0.0000E+00
  3.4707E+01
  7.0892E+01
  1.5329E+02
  1.2916E+02
  1.6711E+02
  1.5983E+02
  1.5891E+02
  2.2114E+02
  9.6967E+01
  4.9907E+01
  3.5831E+01
  4.4761E+00
  1.9642E+00
  0.0000E+00
  4.5469E+00
  5.2611E+00
  6.2424E+00
  3.2282E+00
  7.5333E+00
  3.8279E+00
  3.3851E+00
  1.3744E+00
  2.1910E-01
  7.7273E-02
  0.0000E+00
  3.6842E+00
  1.0068E+01
  1.5184E+01
  1.4692E+01
  2.3846E+01
  2.6514E+01
  4.0275E+01
  2.3346E+01
  2.6608E+01
  3.8520E+01
  2.3771E+01
  1.4470E+01
  1.2803E+01
  0.0000E+00
  1.0710E+01
  1.0920E+01
  2.7047E+01
  2.6792E+01
  2.7034E+01
  3.8281E+01
  3.1752E+01
  2.7959E+01
  1.9937E+01
  1.2669E+01
  9.4293E+00
  1.7633E+00
  8.4031E-01
  0.0000E+00
  3.5920E+01
  7.0307E+01
  9.8004E+01
  3.2747E+02
  1.8737E+02
  1.9409E+02
  1.8583E+02
  1.6230E+02
  1.8396E+02
  9.7377E+01
  5.4226E+01
  3.8345E+01
  2.8497E+01
  0.0000E+00
  1.7922E+01
  5.7028E+01
  9.3391E+01
  1.2040E+02
  1.7836E+02
  1.1024E+02
  2.6782E+02
  2.0473E+02
  2.9717E+02
  1.5156E+02
  1.4153E+02
  9.1171E+01
  2.5311E+01
  0.0000E+00
  9.7901E-01
  2.9094E+00
  2.0818E+00
  3.2161E+00
  3.4099E+00
  2.2419E+00
  4.1213E+00
  1.4253E+00
  2.4250E+00
  4.2888E-01
  0.0000E+00
  3.0349E+00
  4.2144E+00
  7.7018E+00
  6.4412E+00
  1.1863E+01
  9.1214E+00
  1.3840E+01
  6.8759E+00
  5.5264E+00
  5.8911E+00
  2.7363E+00
  9.7895E-01
  2.5564E-01
  0.0000E+00
  7.3902E+00
  1.1423E+01
  2.9272E+01
  4.7107E+01
  6.0524E+01
  3.3755E+01
  6.3022E+01
  5.9344E+01
  3.1580E+01
  2.2518E+01
  1.2951E+01
  3.7072E+00
  1.8026E+00
  0.0000E+00
  5.6565E+01
  2.0923E+02
  1.4903E+02
  2.3762E+02
  1.7766E+02
  2.5012E+02
  2.2675E+02
  1.6171E+02
  9.4108E+01
  1.2283E+02
  7.1394E+01
  1.6203E+01
  5.4234E+00
  0.0000E+00
  3.4418E+01
  9.0426E+01
  9.1854E+01
  1.9332E+02
  2.0591E+02
  1.6533E+02
  1.4990E+02
  9.2279E+01
  8.5810E+01
  9.4880E+01
  4.6919E+01
  1.5736E+01
  8.9104E+00
  0.0000E+00
  6.5162E-01
  7.7687E-01
  1.7212E+00
  1.8218E+00
  5.2419E+00
  3.6293E+00
  6.4599E+00
  6.7675E+00
  4.2657E+00
  4.4818E+00
  2.7940E+00
  1.3598E+00
  7.2804E-01
  0.0000E+00
  3.9599E+00
  1.0674E+01
  1.1332E+01
  1.7055E+01
  1.5231E+01
  3.5714E+01
  2.3663E+01
  1.9555E+01
  2.1077E+01
  1.1625E+01
  1.2792E+01
  4.3926E+00
  0.0000E+00
  4.7632E+00
  1.0620E+01
  1.7837E+01
  1.1762E+01
  3.4096E+01
  2.2355E+01
  5.2596E+01
  1.4982E+01
  2.3333E+01
  8.9398E+00
  1.1181E+01
  4.0450E+00
  7.9180E-01
  0.0000E+00
  2.7912E+01
  5.1130E+01
  9.7232E+01
  1.6718E+02
  1.8354E+02
  2.2821E+02
  2.1159E+02
  2.6231E+02
  1.9025E+02
  1.3444E+02
  1.1023E+02
  5.8648E+01
  3.2648E+01
  0.0000E+00
  5.1419E+01
  8.8369E+01
  2.1983E+02
  4.4661E+02
  5.6361E+02
  3.3571E+02
  7.1187E+02
  4.6432E+02
  3.6938E+02
  5.5264E+02
  2.1542E+02
  1.9376E+02
  1.5507E+02
  0.0000E+00
  4.8436E-01
  1.2409E+00
  1.6492E+00
  2.4686E+00
  4.1065E+00
  3.4935E+00
  4.2449E+00
  6.1993E+00
  8.7493E+00
  2.8590E+00
  3.3572E+00
  2.1028E+00
  0.0000E+00
  2.2134E+00
  2.3387E+00
  4.2010E+00
  1.1113E+01
  1.1002E+01
  1.2320E+01
  1.0130E+01
  1.4257E+01
  1.3683E+01
  5.3295E+00
  3.0447E+00
  9.6428E-01
  3.1919E-01
  0.0000E+00
  7.0921E+00
  8.3571E+00
  1.3179E+01
  3.0975E+01
  6.2044E+01
  8.7161E+01
  6.5397E+01
  7.5257E+01
  3.2893E+01
  4.4881E+01
  3.6695E+01
  1.2753E+01
  5.7890E+00
  0.0000E+00
  1.6405E+01
  4.0076E+01
  6.4430E+01
  1.0360E+02
  1.6733E+02
  9.9164E+01
  1.6892E+02
  1.1077E+02
  1.0518E+02
  8.8866E+01
  5.5594E+01
  5.0137E+01
  2.3720E+01
  0.0000E+00
  1.1472E+02
  2.0628E+02
  3.8278E+02
  4.9453E+02
  5.7270E+02
  3.9837E+02
  4.3675E+02
  3.0235E+02
  3.4897E+02
  1.6704E+02
  1.4582E+02
  2.2651E+01
  1.6615E+01
  0.0000E+00
  7.5805E-01
  2.6179E+00
  2.3783E+00
  3.1456E+00
  3.9454E+00
  3.2981E+00
  3.2618E+00
  2.7883E+00
  1.7692E+00
  1.2246E+00
  6.1268E-01
  9.8757E-02
  0.0000E+00
  4.3853E+00
  5.9655E+00
  9.6428E+00
  2.2944E+01
  2.7992E+01
  1.8349E+01
  1.5719E+01
  1.4564E+01
  1.6693E+01
  2.2364E+01
  9.7288E+00
  7.0433E+00
  1.6901E+00
  0.0000E+00
  4.9201E+00
  1.0143E+01
  1.5054E+01
  2.6273E+01
  3.8990E+01
  2.2389E+01
  2.6719E+01
  4.1977E+01
  3.0003E+01
  2.7638E+01
  1.8371E+01
  7.8007E+00
  5.2275E+00
  0.0000E+00
  2.6322E+01
  4.9730E+01
  7.6443E+01
  1.6839E+02
  1.5933E+02
  1.1199E+02
  1.1975E+02
  1.6452E+02
  1.0792E+02
  6.8913E+01
  7.9252E+01
  2.7844E+01
  1.7954E+01
  0.0000E+00
  1.4092E+02
  2.1955E+02
  3.0659E+02
  7.3127E+02
  1.1262E+03
  7.7703E+02
  8.1289E+02
  6.7590E+02
  6.4850E+02
  4.8741E+02
  2.6597E+02
  1.3016E+02
  5.0811E+01
  0.0000E+00
  1.2633E+00
  1.9436E+00
  4.1724E+00
  4.1142E+00
  5.2011E+00
  3.5070E+00
  4.9367E+00
  3.4372E+00
  1.8433E+00
  1.7973E+00
  8.1461E-01
  2.3839E-01
  6.4213E-02
  0.0000E+00
  4.2159E+00
  1.0371E+01
  1.5743E+01
  2.0905E+01
  1.9458E+01
  1.8571E+01
  2.3560E+01
  1.8085E+01
  9.7861E+00
  7.1460E+00
  5.9835E+00
  2.4475E+00
  9.6029E-01
  0.0000E+00
  5.2305E+00
  1.2642E+01
  1.6530E+01
  3.4446E+01
  2.3756E+01
  1.8611E+01
  1.6075E+01
  1.5923E+01
  1.6427E+01
  1.3272E+01
  6.6675E+00
  1.1370E+00
  9.3286E-01
  0.0000E+00
  3.3258E+01
  5.1396E+01
  1.2498E+02
  2.7775E+02
  1.3442E+02
  1.7551E+02
  2.0873E+02
  1.4595E+02
  1.7299E+02
  8.0999E+01
  4.3186E+01
  2.1754E+01
  8.3960E+00
  0.0000E+00
  1.1576E+02
  1.9639E+02
  3.2596E+02
  5.0679E+02
  3.3686E+02
  4.6476E+02
  3.8091E+02
  3.4438E+02
  2.9912E+02
  1.3491E+02
  1.0087E+02
  2.8718E+01
  2.0651E+01
  0.0000E+00
  9.9659E-01
  3.1783E+00
  6.8335E+00
  4.8741E+00
  7.4728E+00
  6.2877E+00
  5.1308E+00
  3.0448E+00
  2.5548E+00
  1.3187E+00
  5.6386E-01
  2.1012E-01
  9.6462E-02
  0.0000E+00
  3.9093E+00
  7.0349E+00
  9.8726E+00
  9.9123E+00
  1.2504E+01
  8.5410E+00
  8.6633E+00
  6.4829E+00
  5.9164E+00
  2.8425E+00
  1.6133E+00
  2.5087E-01
  1.3073E-01
  0.0000E+00
  1.2135E+01
  1.3177E+01
  2.6883E+01
  2.4713E+01
  3.2511E+01
  6.5476E+01
  2.5380E+01
  3.4946E+01
  2.0257E+01
  1.7785E+01
  6.8614E+00
  2.4342E+00
  1.4760E+00
  0.0000E+00
  3.9471E+01
  1.2904E+02
  2.2225E+02
  2.8855E+02
  2.7195E+02
  2.5365E+02
  1.4204E+02
  2.3205E+02
  1.5051E+02
  1.0890E+02
  1.2363E+02
  3.8410E+01
  1.2258E+01
  0.0000E+00
  8.3751E+01
  1.9150E+02
  2.3450E+02
  3.4993E+02
  4.7691E+02
  4.1663E+02
  4.8936E+02
  4.1817E+02
  2.7387E+02
  3.0533E+02
  1.7762E+02
  6.9420E+01
  3.0502E+01
  0.0000E+00
  9.6321E-01
  2.6237E+00
  8.2058E+00
  5.6646E+00
  5.7448E+00
  8.8402E+00
  8.2574E+00
  5.6842E+00
  5.4177E+00
  2.2281E+00
  2.8384E+00
  6.9818E-01
  4.9973E-01
  0.0000E+00
  6.3852E+00
  1.4455E+01
  1.9299E+01
  2.8764E+01
  1.7244E+01
  2.1584E+01
  9.6940E+00
  1.0811E+01
  9.9832E+00
  1.0067E+01
  2.9091E+00
  1.2763E+00
  0.0000E+00
  8.0009E+00
  1.4072E+01
  2.4555E+01
  3.5380E+01
  6.6065E+01
  6.9640E+01
  4.2149E+01
  5.5142E+01
  3.4567E+01
  2.7693E+01
  2.0000E+01
  6.2004E+00
  3.3603E+00
  0.0000E+00
  3.0805E+01
  6.6516E+01
  7.4578E+01
  8.6495E+01
  4.6612E+01
  6.2686E+01
  7.3213E+01
  3.3550E+01
  3.9355E+01
  2.9052E+01
  1.0123E+01
  3.2525E+00
  1.2142E+00
  0.0000E+00
  5.4036E+01
  1.2842E+02
  2.6696E+02
  5.1676E+02
  5.3451E+02
  6.3429E+02
  7.2693E+02
  3.0420E+02
  4.1610E+02
  2.1928E+02
  1.5204E+02
  8.1331E+01
  3.1829E+01
  0.0000E+00
  3.5588E+00
  2.7420E+00
  1.9642E+00
  2.3810E+00
  1.6638E+00
  1.6647E+00
  1.1679E+00
  1.5076E+00
  1.9667E-01
  6.5686E-02
  0.0000E+00
  4.7749E+00
  1.4320E+01
  8.4919E+00
  1.1333E+01
  1.4158E+01
  9.9393E+00
  1.1126E+01
  1.2539E+01
  1.2466E+01
  9.0332E+00
  6.0777E+00
  2.8902E+00
  8.5177E-01
  0.0000E+00
  6.0027E+00
  1.7949E+01
  1.8491E+01
  2.7447E+01
  3.8759E+01
  4.1282E+01
  5.0977E+01
  5.7105E+01
  2.1407E+01
  2.7197E+01
  1.5625E+01
  5.7903E+00
  2.2557E+00
  0.0000E+00
  4.7539E+01
  1.3602E+02
  2.0425E+02
  3.3601E+02
  2.6660E+02
  2.8328E+02
  1.5556E+02
  1.9437E+02
  2.0815E+02
  1.0174E+02
  1.0698E+02
  3.0120E+01
  1.4460E+01
  0.0000E+00
  1.6198E+02
  2.3965E+02
  3.8385E+02
  5.1896E+02
  5.2314E+02
  4.3091E+02
  4.1952E+02
  4.2046E+02
  2.4575E+02
  1.5155E+02
  1.0852E+02
  4.0554E+01
  1.7433E+01
  0.0000E+00
  8.4976E-01
  3.5274E+00
  3.4522E+00
  4.2498E+00
  4.4320E+00
  3.4497E+00
  3.7462E+00
  3.1270E+00
  1.7264E+00
  6.6492E-01
  0.0000E+00
  6.4320E+00
  1.8445E+01
  2.0164E+01
  2.1276E+01
  1.9173E+01
  1.6052E+01
  1.9712E+01
  1.6503E+01
  1.2604E+01
  1.0438E+01
  1.1811E+01
  4.2608E+00
  1.1692E+00
  0.0000E+00
  8.2264E+00
  2.2280E+01
  2.8796E+01
  4.8807E+01
  5.2976E+01
  6.6243E+01
  7.2827E+01
  7.4006E+01
  4.2666E+01
  2.9262E+01
  2.5101E+01
  7.4722E+00
  4.7462E+00
  0.0000E+00
  1.6491E+01
  6.2031E+01
  3.8442E+01
  7.8130E+01
  9.5586E+01
  1.1798E+02
  8.2879E+01
  9.4081E+01
  8.1674E+01
  6.8002E+01
  2.8953E+01
  1.9661E+01
  7.7480E+00
  0.0000E+00
  4.3455E+01
  9.3018E+01
  1.6507E+02
  1.5161E+02
  1.0234E+02
  1.3836E+02
  1.4272E+02
  2.3857E+02
  8.7349E+01
  8.4445E+01
  9.7099E+01
  3.9593E+01
  2.8900E+01
  0.0000E+00
  9.1536E-01
  1.4763E+00
  1.8740E+00
  2.3761E+00
  3.4632E+00
  2.2698E+00
  2.1048E+00
  1.7765E+00
  7.7570E-01
  5.7526E-01
  1.6859E-01
  4.9708E-02
  1.6162E-02
  0.0000E+00
  3.7070E+00
  7.2656E+00
  1.2668E+01
  2.4626E+01
  2.1966E+01
  3.2466E+01
  3.1826E+01
  2.1105E+01
  1.2005E+01
  1.2871E+01
  1.7533E+01
  4.0211E+00
  0.0000E+00
  8.3853E+00
  1.5884E+01
  1.4536E+01
  4.0452E+01
  6.7736E+01
  5.3021E+01
  3.1983E+01
  3.2311E+01
  1.4335E+01
  1.1280E+01
  1.8078E+01
  6.4761E+00
  1.6143E+00
  0.0000E+00
  3.3199E+01
  9.7316E+01
  8.8134E+01
  1.7007E+02
  2.1982E+02
  1.6174E+02
  1.4756E+02
  1.3272E+02
  1.2479E+02
  7.1317E+01
  8.7195E+01
  1.6958E+01
  3.5836E+00
  0.0000E+00
  2.8991E+01
  9.8592E+01
  1.4536E+02
  1.3850E+02
  2.4900E+02
  2.7166E+02
  2.0522E+02
  2.8779E+02
  2.7485E+02
  1.9278E+02
  2.0414E+02
  5.0869E+01
  4.1853E+01
  0.0000E+00
  3.3518E-01
  9.3858E-01
  1.2199E+00
  1.5335E+00
  2.1046E+00
  1.7553E+00
  3.2460E+00
  2.6620E+00
  3.7912E+00
  2.1710E+00
  1.6873E+00
  3.6523E-01
  0.0000E+00
  3.0370E+00
  6.9216E+00
  7.6844E+00
  1.1464E+01
  1.8880E+01
  1.1928E+01
  1.2455E+01
  1.2222E+01
  1.6272E+01
  6.0920E+00
  1.0200E+01
  2.6093E+00
  1.2834E+00
  0.0000E+00
  6.7660E+00
  1.3221E+01
  2.5438E+01
  2.6409E+01
  4.0506E+01
  3.0743E+01
  5.4311E+01
  3.1807E+01
  2.8344E+01
  1.5579E+01
  1.3782E+01
  6.7912E+00
  2.2132E+00
  0.0000E+00
  6.3716E+00
  1.2664E+01
  2.1770E+01
  4.2195E+01
  8.9688E+01
  7.5869E+01
  2.9328E+01
  9.2517E+01
  7.3167E+01
  7.1870E+01
  4.8895E+01
  4.4372E+01
  3.0798E+01
  0.0000E+00
  5.2680E+01
  7.9332E+01
  1.8474E+02
  2.6369E+02
  3.5436E+02
  3.2301E+02
  3.6382E+02
  4.1581E+02
  4.6599E+02
  3.5100E+02
  1.3131E+02
  1.2766E+02
  7.1480E+01
  0.0000E+00
  1.5213E+00
  3.6242E+00
  5.9515E+00
  5.7598E+00
  9.9113E+00
  1.1928E+01
  6.2906E+00
  6.3547E+00
  5.3619E+00
  2.1704E+00
  1.9800E+00
  5.7233E-01
  0.0000E+00
  6.4465E+00
  1.4527E+01
  2.0479E+01
  1.6336E+01
  1.0827E+01
  2.2094E+01
  1.6616E+01
  1.0366E+01
  7.3159E+00
  5.4775E+00
  4.4071E+00
  8.9552E-01
  3.8674E-01
  0.0000E+00
  3.0935E+00
  5.3047E+00
  1.1252E+01
  1.5629E+01
  1.3880E+01
  1.7791E+01
  1.2656E+01
  1.3795E+01
  7.2495E+00
  1.3672E+01
  8.2694E+00
  3.2095E+00
  1.6275E+00
  0.0000E+00
  1.7781E+01
  2.3361E+01
  3.3935E+01
  8.7352E+01
  1.0446E+02
  1.5112E+02
  1.0294E+02
  1.5009E+02
  1.4264E+02
  1.2779E+02
  9.6500E+01
  3.9797E+01
  1.8132E+01
  0.0000E+00
  2.8897E+01
  4.7770E+01
  1.0667E+02
  2.0671E+02
  2.0272E+02
  2.8589E+02
  2.5397E+02
  3.5261E+02
  2.7783E+02
  2.3107E+02
  1.9726E+02
  2.1015E+02
  7.8960E+01
  0.0000E+00
  5.6260E-01
  1.0437E+00
  1.8321E+00
  1.7226E+00
  1.9589E+00
  2.6238E+00
  1.5989E+00
  3.7227E+00
  1.7241E+00
  1.5444E+00
  8.8719E-01
  4.6854E-01
  2.2029E-01
  0.0000E+00
  3.6429E+00
  5.0289E+00
  9.4589E+00
  7.7483E+00
  1.5721E+01
  1.1103E+01
  2.7539E+01
  2.6737E+01
  1.4945E+01
  2.0326E+01
  1.5544E+01
  7.1463E+00
  3.9481E+00
  0.0000E+00
  5.9834E+00
  1.0628E+01
  2.7099E+01
  3.3539E+01
  4.5135E+01
  4.5394E+01
  8.5571E+01
  5.0350E+01
  4.0961E+01
  5.1581E+01
  2.9749E+01
  2.3149E+01
  1.1995E+01
  0.0000E+00
  7.5605E+01
  1.3392E+02
  2.6586E+02
  2.3036E+02
  2.5367E+02
  2.5341E+02
  4.1101E+02
  2.2092E+02
  1.2990E+02
  1.4739E+02
  1.0877E+02
  4.4710E+01
  1.6760E+01
  0.0000E+00
  4.1781E+01
  6.8799E+01
  1.7522E+02
  2.5106E+02
  4.0508E+02
  1.9346E+02
  3.2633E+02
  5.4071E+02
  3.5987E+02
  2.8143E+02
  1.7214E+02
  1.6506E+02
  4.2704E+01
  0.0000E+00
  1.6258E+00
  1.8794E+00
  6.9158E+00
  6.7742E+00
  7.2314E+00
  8.7665E+00
  6.2232E+00
  7.4283E+00
  5.5284E+00
  2.5687E+00
  2.1232E+00
  7.7586E-01
  4.5043E-01
  0.0000E+00
  2.7114E+00
  6.0883E+00
  1.4784E+01
  2.5596E+01
  3.0917E+01
  1.7482E+01
  2.7519E+01
  1.6271E+01
  1.4879E+01
  1.1211E+01
  7.9077E+00
  2.5131E+00
  1.5804E+00
  0.0000E+00
  1.2294E+01
  2.6311E+01
  3.5636E+01
  4.0789E+01
  4.0690E+01
  3.5728E+01
  3.3575E+01
  3.6196E+01
  1.5995E+01
  8.1649E+00
  7.2724E+00
  1.0894E+00
  8.2537E-01
  0.0000E+00
  2.9920E+01
  4.9021E+01
  9.7039E+01
  7.6996E+01
  1.4205E+02
  1.5838E+02
  1.0551E+02
  1.3908E+02
  7.4013E+01
  6.8988E+01
  7.0465E+01
  2.1569E+01
  1.3945E+01
  0.0000E+00
  2.4492E+01
  1.0280E+02
  1.1532E+02
  1.6464E+02
  2.9392E+02
  1.3224E+02
  2.0205E+02
  1.2449E+02
  1.5383E+02
  1.1216E+02
  1.0290E+02
  3.1904E+01
  1.3580E+01
  0.0000E+00
  1.0431E+00
  2.1345E+00
  7.8607E+00
  7.1618E+00
  7.5136E+00
  8.2080E+00
  6.8073E+00
  9.0699E+00
  5.4241E+00
  2.8550E+00
  2.1177E+00
  9.3563E-01
  6.4655E-01
  0.0000E+00
  4.5385E+00
  7.9656E+00
  1.2134E+01
  1.4560E+01
  2.3624E+01
  1.3291E+01
  1.2732E+01
  8.7801E+00
  1.0251E+01
  5.7134E+00
  5.3096E+00
  1.0173E+00
  0.0000E+00
  8.4079E+00
  1.7068E+01
  3.4299E+01
  4.4424E+01
  5.4008E+01
  5.1229E+01
  4.2400E+01
  2.6164E+01
  1.4849E+01
  1.5694E+01
  2.0169E+01
  4.7397E+00
  2.8881E+00
  0.0000E+00
  5.7308E+01
  1.0419E+02
  1.1675E+02
  9.0731E+01
  1.9761E+02
  1.5791E+02
  2.3804E+02
  1.1142E+02
  1.0928E+02
  5.1632E+01
  2.4506E+01
  1.0060E+01
  4.5876E+00
  0.0000E+00
  1.4097E+02
  1.9270E+02
  5.2741E+02
  3.0558E+02
  5.2961E+02
  2.3573E+02
  6.0968E+02
  3.3546E+02
  3.0879E+02
  3.0735E+02
  3.5228E+02
  6.9710E+01
  4.0199E+01
  0.0000E+00
  1.9151E+00
  3.3346E+00
  2.0846E+00
  2.8282E+00
  2.2095E+00
  1.9255E+00
  1.0684E+00
  6.3484E-01
  5.0093E-02
  2.7417E-02
  0.0000E+00
  2.9669E+00
  6.1583E+00
  9.6993E+00
  9.0869E+00
  1.4445E+01
  1.5872E+01
  2.1276E+01
  3.3899E+01
  1.5271E+01
  8.9411E+00
  1.5547E+01
  6.2500E+00
  4.3814E+00
  0.0000E+00
  1.3908E+01
  2.5333E+01
  2.0242E+01
  2.2670E+01
  3.3439E+01
  3.7096E+01
  2.8460E+01
  1.9897E+01
  1.3192E+01
  8.1745E+00
  3.5246E+00
  1.0635E+00
  2.8323E-01
  0.0000E+00
  4.3290E+01
  7.2534E+01
  1.7774E+02
  1.4246E+02
  1.3997E+02
  1.8142E+02
  2.2442E+02
  2.3128E+02
  1.7470E+02
  1.0080E+02
  1.1846E+02
  2.7764E+01
  1.3194E+01
  0.0000E+00
  6.2789E+01
  1.4598E+02
  3.3831E+02
  3.2677E+02
  5.9766E+02
  6.9346E+02
  8.2797E+02
  8.0621E+02
  3.8859E+02
  5.3366E+02
  2.9320E+02
  1.1483E+02
  6.1110E+01
  0.0000E+00
  8.0396E-01
  3.3783E+00
  7.6817E+00
  5.1861E+00
  5.1147E+00
  5.2744E+00
  3.7946E+00
  3.7228E+00
  3.0880E+00
  9.2171E-01
  0.0000E+00
  3.3007E+00
  5.9101E+00
  9.7252E+00
  1.1396E+01
  9.6601E+00
  1.5358E+01
  9.9897E+00
  6.7113E+00
  8.6704E+00
  5.0547E+00
  3.0270E+00
  8.7717E-01
  2.1746E-01
  0.0000E+00
  1.3480E+01
  2.2850E+01
  4.8312E+01
  7.8655E+01
  8.5825E+01
  7.9529E+01
  5.7260E+01
  1.0865E+02
  6.8584E+01
  2.8456E+01
  2.2354E+01
  9.7562E+00
  3.3278E+00
  0.0000E+00
  2.5311E+01
  4.1622E+01
  7.2068E+01
  1.0740E+02
  1.5558E+02
  2.2502E+02
  1.4882E+02
  1.2980E+02
  1.4232E+02
  1.1255E+02
  5.4175E+01
  4.2498E+01
  1.2339E+01
  0.0000E+00
  3.2081E+01
  8.0900E+01
  9.9254E+01
  6.9569E+01
  1.0449E+02
  7.9909E+01
  7.3805E+01
  6.5996E+01
  7.4275E+01
  7.1633E+01
  3.1140E+01
  2.4198E+01
  1.2898E+01
  0.0000E+00
  4.8320E-01
  9.9493E-01
  1.9971E+00
  2.1406E+00
  3.0685E+00
  2.8427E+00
  2.3443E+00
  2.8017E+00
  3.4180E+00
  1.7560E+00
  1.6613E+00
  9.1033E-01
  3.4690E-01
  0.0000E+00
  1.7532E+00
  6.5080E+00
  7.1118E+00
  1.2603E+01
  1.6385E+01
  1.7463E+01
  3.2551E+01
  1.7287E+01
  3.3490E+01
  1.5637E+01
  1.6518E+01
  8.6117E+00
  0.0000E+00
  5.3107E+00
  7.0232E+00
  1.8274E+01
  4.4056E+01
  3.1587E+01
  3.5086E+01
  3.1232E+01
  1.9438E+01
  3.0464E+01
  1.6764E+01
  1.4687E+01
  6.0293E+00
  1.8259E+00
  0.0000E+00
  3.6913E+01
  5.9845E+01
  5.8719E+01
  1.1460E+02
  1.5563E+02
  1.5685E+02
  4.7814E+01
  7.5737E+01
  6.9538E+01
  3.7241E+01
  3.4065E+01
  1.2018E+01
  2.4742E+00
  0.0000E+00
  1.2200E+02
  2.0227E+02
  2.7338E+02
  2.9175E+02
  2.9613E+02
  4.1544E+02
  2.7979E+02
  2.4846E+02
  2.0708E+02
  1.3766E+02
  9.6567E+01
  3.6591E+01
  1.1714E+01
  0.0000E+00
  5.5806E-01
  2.4985E+00
  2.8651E+00
  4.6929E+00
  4.4167E+00
  4.1848E+00
  6.8986E+00
  8.4277E+00
  4.1297E+00
  2.4477E+00
  3.4887E+00
  4.9603E-01
  0.0000E+00
  3.0479E+00
  7.6034E+00
  8.9254E+00
  1.4602E+01
  1.1791E+01
  1.5443E+01
  1.2895E+01
  1.0307E+01
  5.0330E+00
  4.7812E+00
  5.1614E+00
  3.0242E+00
  1.0896E+00
  0.0000E+00
  2.3793E+00
  7.6839E+00
  1.1428E+01
  2.2032E+01
  2.5091E+01
  1.9524E+01
  3.7086E+01
  3.0535E+01
  2.4727E+01
  1.6706E+01
  1.5629E+01
  5.1382E+00
  3.1615E+00
  0.0000E+00
  6.7774E+01
  9.7269E+01
  1.2485E+02
  3.0260E+02
  1.3148E+02
  1.3664E+02
  1.6435E+02
  8.4332E+01
  8.7918E+01
  7.7595E+01
  5.7139E+01
  2.9607E+01
  1.0522E+01
  0.0000E+00
  5.9802E+01
  7.2586E+01
  1.1497E+02
  1.5305E+02
  3.2138E+02
  2.4893E+02
  3.5865E+02
  3.1955E+02
  3.9735E+02
  2.3276E+02
  1.7029E+02
  6.6219E+01
  4.9322E+01
  0.0000E+00
  4.7499E-01
  1.2184E+00
  1.2169E+00
  2.4603E+00
  2.2636E+00
  2.4981E+00
  2.4873E+00
  3.1084E+00
  1.7142E+00
  1.0537E+00
  9.7250E-01
  1.9207E-01
  0.0000E+00
  3.3831E+00
  1.0586E+01
  1.1053E+01
  1.7841E+01
  1.6007E+01
  1.3617E+01
  1.0925E+01
  1.2360E+01
  6.9752E+00
  6.4884E+00
  3.4298E+00
  1.9444E+00
  5.4570E-01
  0.0000E+00
  5.1669E+00
  9.0156E+00
  1.3033E+01
  2.3811E+01
  2.4023E+01
  4.1908E+01
  3.6678E+01
  2.2185E+01
  3.2086E+01
  2.0071E+01
  2.1821E+01
  7.0014E+00
  3.8574E+00
  0.0000E+00
  8.5477E+01
  7.4902E+01
  1.5472E+02
  3.3698E+02
  2.3002E+02
  3.5379E+02
  1.6254E+02
  2.2033E+02
  1.7404E+02
  1.1676E+02
  3.9252E+01
  1.4206E+01
  9.0269E+00
  0.0000E+00
  1.6673E+02
  4.9815E+02
  6.1664E+02
  5.9903E+02
  1.6328E+03
  1.1750E+03
  1.0824E+03
  1.0520E+03
  6.1269E+02
  8.6311E+02
  2.2898E+02
  1.5623E+02
  7.5401E+01
  0.0000E+00
  3.4898E-01
  1.4754E+00
  1.5207E+00
  1.6759E+00
  1.7215E+00
  3.1366E+00
  2.6313E+00
  2.4491E+00
  1.1691E+00
  1.0049E+00
  1.1019E+00
  4.3748E-01
  7.4948E-02
  0.0000E+00
  1.3666E+00
  3.3131E+00
  4.2764E+00
  6.4510E+00
  1.2889E+01
  1.0800E+01
  1.4329E+01
  1.3567E+01
  7.4866E+00
  1.5004E+01
  9.4356E+00
  3.9175E+00
  1.0082E+00
  0.0000E+00
  5.1987E+00
  6.2150E+00
  1.9768E+01
  2.6159E+01
  1.9375E+01
  2.1234E+01
  3.1274E+01
  2.0986E+01
  1.9469E+01
  6.6281E+00
  1.0443E+01
  3.1238E+00
  1.1731E+00
  0.0000E+00
  2.0582E+01
  5.9229E+01
  9.7143E+01
  1.0414E+02
  1.6873E+02
  1.4618E+02
  2.1497E+02
  2.1573E+02
  1.3845E+02
  2.8307E+02
  1.1782E+02
  5.8494E+01
  4.3932E+01
  0.0000E+00
  3.4087E+01
  6.7290E+01
  1.9675E+02
  3.0968E+02
  2.6746E+02
  3.2665E+02
  2.9556E+02
  3.4486E+02
  3.4112E+02
  1.5633E+02
  9.1641E+01
  4.5360E+01
  1.3591E+01
  0.0000E+00
  2.4177E-01
  6.8334E-01
  9.8845E-01
  2.3695E+00
  2.5532E+00
  2.2388E+00
  2.9701E+00
  2.1309E+00
  5.4039E+00
  3.3408E+00
  2.2267E+00
  1.8670E+00
  6.9094E-01
  0.0000E+00
  3.3068E+00
  7.4231E+00
  9.3172E+00
  1.1945E+01
  1.3588E+01
  1.7741E+01
  2.4184E+01
  2.3119E+01
  8.7990E+00
  7.3988E+00
  7.1562E+00
  2.0280E+00
  1.0703E+00
  0.0000E+00
  6.9245E+00
  8.9700E+00
  1.2434E+01
  2.5868E+01
  1.3506E+01
  1.8968E+01
  1.3991E+01
  2.7693E+01
  9.2187E+00
  7.2225E+00
  1.1721E+01
  1.9789E+00
  6.0972E-01
  0.0000E+00
  3.9311E+01
  4.8274E+01
  1.0036E+02
  7.6671E+01
  1.2037E+02
  3.0658E+02
  1.9928E+02
  2.3753E+02
  1.5762E+02
  1.6862E+02
  1.0497E+02
  3.0301E+01
  2.6209E+01
  0.0000E+00
  7.4559E+01
  1.8096E+02
  1.3891E+02
  1.9945E+02
  1.9914E+02
  3.0870E+02
  1.9154E+02
  1.5797E+02
  7.3234E+01
  1.0364E+02
  6.0816E+01
  1.7958E+01
  8.0793E+00
  0.0000E+00
  1.0336E+00
  1.7271E+00
  2.0106E+00
  4.2238E+00
  2.7569E+00
  4.4632E+00
  4.8630E+00
  2.9905E+00
  2.3512E+00
  2.4702E+00
  9.6281E-01
  3.8748E-01
  1.6348E-01
  0.0000E+00
  1.9293E+00
  4.6393E+00
  4.1240E+00
  1.3743E+01
  1.5725E+01
  1.1198E+01
  1.7038E+01
  1.2997E+01
  1.1231E+01
  5.5235E+00
  6.5696E+00
  1.3618E+00
  0.0000E+00
  4.2573E+00
  1.3373E+01
  1.4397E+01
  3.1252E+01
  2.8748E+01
  2.3319E+01
  3.4062E+01
  2.7840E+01
  4.3981E+01
  1.6871E+01
  2.5656E+01
  6.9163E+00
  2.3190E+00
  0.0000E+00
  1.7487E+01
  5.3814E+01
  4.5094E+01
  5.4442E+01
  8.4905E+01
  5.1603E+01
  8.0228E+01
  5.9022E+01
  8.6783E+01
  4.7528E+01
  3.6267E+01
  5.8405E+00
  3.0400E+00
  0.0000E+00
  3.9164E+01
  7.3434E+01
  1.3744E+02
  2.2750E+02
  2.1122E+02
  2.5661E+02
  1.7015E+02
  3.7635E+02
  3.0171E+02
  2.2370E+02
  1.4922E+02
  2.7981E+01
  1.3015E+01
  0.0000E+00
  4.6722E+00
  5.6284E+00
  4.5362E+00
  4.0700E+00
  3.8116E+00
  2.9082E+00
  1.2990E+00
  6.9472E-01
  8.8864E-02
  4.1057E-02
  0.0000E+00
  3.4870E+00
  5.9400E+00
  1.6671E+01
  2.0350E+01
  1.8686E+01
  1.7143E+01
  1.7657E+01
  1.3989E+01
  1.6368E+01
  1.1010E+01
  7.1601E+00
  2.8475E+00
  1.1941E+00
  0.0000E+00
  9.8300E+00
  1.3788E+01
  1.8595E+01
  2.9336E+01
  3.5405E+01
  7.0284E+01
  3.9266E+01
  2.6965E+01
  2.7990E+01
  1.5190E+01
  8.8564E+00
  6.1969E+00
  1.9375E+00
  0.0000E+00
  1.1384E+02
  1.0072E+02
  1.2805E+02
  3.7526E+02
  2.7204E+02
  1.7787E+02
  2.1823E+02
  1.9765E+02
  2.2944E+02
  7.7624E+01
  4.4252E+01
  2.3107E+01
  8.4467E+00
  0.0000E+00
  9.2471E+01
  2.2657E+02
  4.0973E+02
  4.8461E+02
  6.0612E+02
  7.3418E+02
  6.1308E+02
  5.2929E+02
  3.9088E+02
  2.4925E+02
  1.1280E+02
  7.7825E+01
  2.7228E+01
  0.0000E+00
  1.6598E+00
  4.7709E+00
  7.2243E+00
  5.8374E+00
  5.4417E+00
  5.1906E+00
  9.4868E+00
  3.5487E+00
  2.2022E+00
  3.8232E-01
  0.0000E+00
  4.0092E+00
  8.7306E+00
  7.2200E+00
  1.8202E+01
  1.6549E+01
  2.0677E+01
  1.2474E+01
  1.2496E+01
  1.7066E+01
  9.0039E+00
  4.6162E+00
  1.5759E+00
  7.5003E-01
  0.0000E+00
  3.0202E+00
  6.7845E+00
  1.1441E+01
  1.4942E+01
  1.2205E+01
  6.0146E+00
  9.6131E+00
  1.1466E+01
  1.1730E+01
  1.2796E+01
  6.8826E+00
  5.0056E+00
  2.1674E+00
  0.0000E+00
  6.1857E+01
  8.8468E+01
  1.4579E+02
  2.1074E+02
  2.6067E+02
  3.3526E+02
  3.4806E+02
  1.9347E+02
  2.4878E+02
  1.7177E+02
  1.2499E+02
  6.3679E+01
  2.4518E+01
  0.0000E+00
  6.2303E+01
  1.5391E+02
  4.3107E+02
  3.9568E+02
  5.5092E+02
  5.0577E+02
  4.3940E+02
  5.6972E+02
  2.8360E+02
  2.0725E+02
  2.2825E+02
  2.9500E+01
  1.7346E+01
  0.0000E+00
  5.3877E-01
  1.2677E+00
  1.4074E+00
  2.0627E+00
  3.1938E+00
  3.7060E+00
  2.5747E+00
  2.2667E+00
  2.3944E+00
  1.0867E+00
  1.2262E+00
  2.3348E-01
  1.2238E-01
  0.0000E+00
  4.2384E+00
  7.4068E+00
  8.6710E+00
  1.8943E+01
  1.8705E+01
  4.3146E+01
  2.2760E+01
  1.7239E+01
  9.2540E+00
  6.5229E+00
  7.2087E+00
  3.3456E+00
  0.0000E+00
  8.4466E+00
  8.5951E+00
  1.7597E+01
  4.0549E+01
  4.0201E+01
  5.4125E+01
  9.0923E+01
  4.3112E+01
  3.4135E+01
  2.7478E+01
  1.6208E+01
  7.4333E+00
  4.4921E+00
  0.0000E+00
  2.9638E+01
  3.8086E+01
  5.5841E+01
  1.4618E+02
  1.5357E+02
  1.0420E+02
  1.4753E+02
  1.5380E+02
  1.8499E+02
  9.6872E+01
  5.8265E+01
  5.4597E+01
  1.5928E+01
  0.0000E+00
  6.2004E+01
  1.5833E+02
  2.2351E+02
  3.4345E+02
  2.1624E+02
  2.3416E+02
  3.4907E+02
  3.0069E+02
  2.8044E+02
  1.9109E+02
  1.4714E+02
  7.1972E+01
  1.4224E+01
  0.0000E+00
  7.7608E-01
  1.3595E+00
  1.5473E+00
  1.3253E+00
  1.6928E+00
  1.4342E+00
  2.2633E+00
  1.6164E+00
  8.4369E-01
  5.3661E-01
  7.9556E-01
  2.7250E-01
  0.0000E+00
  7.2427E+00
  6.8190E+00
  1.1631E+01
  1.6346E+01
  1.2312E+01
  2.7775E+01
  1.1567E+01
  1.1465E+01
  1.1995E+01
  4.8490E+00
  7.3780E+00
  1.2640E+00
  5.1064E-01
  0.0000E+00
  1.0180E+01
  1.6145E+01
  2.7628E+01
  4.6850E+01
  5.1837E+01
  4.3029E+01
  2.7867E+01
  3.7214E+01
  3.5953E+01
  2.5941E+01
  2.3027E+01
  6.3166E+00
  2.6066E+00
  0.0000E+00
  6.6980E+01
  8.2298E+01
  7.8189E+01
  9.5011E+01
  9.9508E+01
  1.6142E+02
  9.6601E+01
  1.0810E+02
  7.1232E+01
  5.5814E+01
  2.9064E+01
  1.0045E+01
  4.8813E+00
  0.0000E+00
  6.2122E+01
  1.3826E+02
  1.8748E+02
  3.8417E+02
  4.0003E+02
  3.9625E+02
  1.6596E+02
  3.1847E+02
  1.3937E+02
  1.8015E+02
  2.4209E+02
  5.8997E+01
  3.0249E+01
  0.0000E+00
  1.6869E+00
  3.2613E+00
  3.4925E+00
  5.2589E+00
  6.7088E+00
  4.2380E+00
  5.3513E+00
  3.7332E+00
  3.5451E+00
  2.3280E+00
  1.5657E+00
  3.8889E-01
  0.0000E+00
  3.2790E+00
  4.3103E+00
  9.9217E+00
  1.8176E+01
  1.3334E+01
  3.4289E+01
  1.7169E+01
  2.5130E+01
  1.5036E+01
  1.0962E+01
  4.8150E+00
  4.5540E+00
  1.8699E+00
  0.0000E+00
  1.9001E+01
  2.4486E+01
  2.9819E+01
  7.1222E+01
  5.1323E+01
  4.9991E+01
  6.7166E+01
  4.6549E+01
  2.7510E+01
  3.8481E+01
  1.8705E+01
  7.2840E+00
  3.8750E+00
  0.0000E+00
  2.0037E+01
  5.1999E+01
  7.6990E+01
  8.7777E+01
  1.6195E+02
  8.7932E+01
  1.0833E+02
  1.4770E+02
  8.6931E+01
  5.4982E+01
  1.6497E+02
  2.4650E+01
  1.6994E+01
  0.0000E+00
  6.3961E+01
  2.0456E+02
  1.3640E+02
  4.7752E+02
  3.9573E+02
  3.5603E+02
  3.9339E+02
  3.5216E+02
  2.8809E+02
  1.7274E+02
  1.5052E+02
  7.5241E+01
  2.1501E+01
  0.0000E+00
  9.8668E-01
  2.7919E+00
  2.5867E+00
  5.7949E+00
  6.4331E+00
  5.8662E+00
  9.9877E+00
  4.9555E+00
  4.9098E+00
  3.7244E+00
  2.7733E+00
  1.9145E+00
  1.0896E+00
  0.0000E+00
  2.8806E+00
  8.8052E+00
  6.8687E+00
  1.6642E+01
  1.3270E+01
  2.3574E+01
  8.5462E+00
  1.4444E+01
  1.1875E+01
  8.0706E+00
  6.2309E+00
  2.4065E+00
  1.4006E+00
  0.0000E+00
  1.5237E+01
  3.6950E+01
  5.4579E+01
  5.6315E+01
  9.9978E+01
  5.7556E+01
  6.9936E+01
  4.6757E+01
  2.6758E+01
  2.9819E+01
  1.2349E+01
  6.1465E+00
  2.6018E+00
  0.0000E+00
  2.8244E+01
  4.4982E+01
  1.1329E+02
  1.1936E+02
  1.7450E+02
  1.8404E+02
  1.8521E+02
  1.3882E+02
  7.9395E+01
  9.3357E+01
  1.1630E+02
  2.8967E+01
  1.9095E+01
  0.0000E+00
  3.9003E+01
  1.2233E+02
  1.4740E+02
  2.5225E+02
  2.3903E+02
  2.4654E+02
  2.5162E+02
  2.6091E+02
  1.8325E+02
  1.4801E+02
  1.0991E+02
  3.4088E+01
  7.2353E+00
  0.0000E+00
  7.3172E-01
  7.6195E-01
  2.9612E+00
  4.3023E+00
  2.6451E+00
  4.7637E+00
  4.7431E+00
  3.5035E+00
  3.2178E+00
  3.0429E+00
  2.0221E+00
  6.0830E-01
  5.3530E-01
  0.0000E+00
  1.3975E+00
  2.0289E+00
  3.9429E+00
  4.0983E+00
  8.2570E+00
  1.2313E+01
  1.4312E+01
  1.2936E+01
  1.2757E+01
  1.0601E+01
  7.5841E+00
  5.0378E+00
  2.0539E+00
  0.0000E+00
  4.5827E+00
  6.0785E+00
  2.4964E+01
  2.4244E+01
  2.3716E+01
  2.8027E+01
  2.5310E+01
  2.3242E+01
  2.6462E+01
  1.3028E+01
  9.3612E+00
  4.6729E+00
  1.6445E+00
  0.0000E+00
  6.2235E+01
  1.2908E+02
  1.2596E+02
  3.4825E+02
  4.0270E+02
  3.8486E+02
  2.4901E+02
  2.0168E+02
  2.1868E+02
  1.0394E+02
  8.9158E+01
  5.6709E+01
  1.6341E+01
  0.0000E+00
  4.5688E+01
  9.2579E+01
  1.8819E+02
  4.2882E+02
  2.5419E+02
  4.2979E+02
  2.8564E+02
  3.3453E+02
  4.3562E+02
  4.3284E+02
  2.3882E+02
  1.1504E+02
  5.0465E+01
  0.0000E+00
  4.2530E-01
  1.4883E+00
  2.7600E+00
  2.5475E+00
  2.4787E+00
  2.2955E+00
  4.2534E+00
  3.1342E+00
  2.3134E+00
  2.0784E+00
  2.1682E+00
  4.7700E-01
  2.5594E-01
  0.0000E+00
  2.5735E+00
  6.1230E+00
  5.9134E+00
  2.8466E+01
  1.6728E+01
  1.7771E+01
  9.8681E+00
  2.3847E+01
  1.2740E+01
  1.1134E+01
  4.3466E+00
  2.3942E+00
  0.0000E+00
  9.5065E+00
  1.0355E+01
  1.4921E+01
  2.3526E+01
  3.4390E+01
  1.5751E+01
  1.9220E+01
  1.3655E+01
  1.0988E+01
  7.2929E+00
  5.8380E+00
  1.7483E+00
  7.5553E-01
  0.0000E+00
  3.3702E+01
  6.1673E+01
  1.3023E+02
  8.9213E+01
  1.1394E+02
  1.1379E+02
  7.6687E+01
  9.6525E+01
  4.5929E+01
  6.1221E+01
  2.6401E+01
  1.2952E+01
  3.0135E+00
  0.0000E+00
  9.3227E+01
  1.6576E+02
  3.3855E+02
  3.7517E+02
  2.1984E+02
  2.9715E+02
  2.0414E+02
  2.0174E+02
  1.5373E+02
  7.8867E+01
  9.8616E+01
  1.7781E+01
  7.2179E+00
  0.0000E+00
  1.7352E+00
  1.5957E+00
  1.1290E+00
  2.0464E+00
  2.7364E+00
  2.0507E+00
  9.2132E-01
  7.9372E-01
  1.2898E-01
  3.8462E-02
  0.0000E+00
  3.4159E+00
  4.6833E+00
  9.1836E+00
  9.5038E+00
  5.6294E+00
  1.1770E+01
  9.8829E+00
  5.6798E+00
  4.6021E+00
  4.9477E+00
  3.5801E+00
  9.1866E-01
  2.5885E-01
  0.0000E+00
  5.5041E+00
  1.4029E+01
  1.1174E+01
  1.7399E+01
  2.1441E+01
  2.7255E+01
  1.1415E+01
  2.2467E+01
  1.6515E+01
  8.0104E+00
  6.9811E+00
  1.4956E+00
  3.5313E-01
  0.0000E+00
  3.3056E+01
  4.8698E+01
  8.5931E+01
  2.2465E+02
  1.5961E+02
  3.1829E+02
  3.1697E+02
  2.0262E+02
  1.5279E+02
  1.4709E+02
  1.0077E+02
  2.4128E+01
  1.6664E+01
  0.0000E+00
  4.7533E+01
  7.4300E+01
  1.1224E+02
  2.0547E+02
  3.0388E+02
  3.0421E+02
  2.1230E+02
  3.3919E+02
  1.7343E+02
  2.5153E+02
  2.3512E+02
  1.0825E+02
  4.1600E+01
  0.0000E+00
  5.6951E-01
  2.7353E+00
  2.2240E+00
  4.8733E+00
  4.9569E+00
  4.7238E+00
  4.4155E+00
  3.1691E+00
  1.5433E+00
  7.1570E-01
  0.0000E+00
  1.8721E+00
  4.7750E+00
  7.6387E+00
  1.1423E+01
  1.4705E+01
  1.5715E+01
  1.0035E+01
  5.9828E+00
  8.6429E+00
  5.8117E+00
  8.1213E+00
  1.7380E+00
  6.5055E-01
  0.0000E+00
  6.7438E+00
  1.6498E+01
  3.7250E+01
  5.0915E+01
  5.5028E+01
  5.8467E+01
  3.6915E+01
  5.7744E+01
  6.9622E+01
  5.8284E+01
  2.6048E+01
  1.4091E+01
  7.6784E+00
  0.0000E+00
  4.1424E+01
  6.7628E+01
  9.0884E+01
  8.7873E+01
  1.7584E+02
  1.1242E+02
  1.6081E+02
  1.1265E+02
  1.0869E+02
  4.6743E+01
  3.8035E+01
  9.4883E+00
  2.5744E+00
  0.0000E+00
  2.4235E+01
  5.2278E+01
  1.1045E+02
  1.2452E+02
  1.5221E+02
  2.2181E+02
  1.0230E+02
  2.3088E+02
  1.0177E+02
  7.9489E+01
  7.7595E+01
  2.8012E+01
  1.2236E+01
  0.0000E+00
  1.1103E+00
  2.5068E+00
  3.5100E+00
  4.9531E+00
  3.8644E+00
  4.1740E+00
  4.1970E+00
  6.3409E+00
  2.6542E+00
  2.3950E+00
  9.6968E-01
  4.2684E-01
  1.8480E-01
  0.0000E+00
  3.8506E+00
  4.9151E+00
  1.8411E+01
  2.0370E+01
  2.1388E+01
  2.3403E+01
  1.4470E+01
  1.3864E+01
  1.1410E+01
  7.2980E+00
  5.3848E+00
  1.0845E+00
  0.0000E+00
  4.4583E+00
  1.0493E+01
  2.2170E+01
  3.4807E+01
  3.4347E+01
  4.5257E+01
  1.7929E+01
  2.2285E+01
  2.4612E+01
  8.4119E+00
  9.8684E+00
  2.3006E+00
  1.1518E+00
  0.0000E+00
  5.4798E+01
  8.5231E+01
  1.4297E+02
  2.2742E+02
  2.6904E+02
  4.7808E+02
  2.6226E+02
  2.8423E+02
  2.4705E+02
  1.5733E+02
  9.5811E+01
  3.6756E+01
  1.5988E+01
  0.0000E+00
  1.3443E+02
  3.7287E+02
  3.4076E+02
  7.2563E+02
  7.0064E+02
  4.9293E+02
  5.2389E+02
  6.7150E+02
  2.6869E+02
  1.8659E+02
  1.4355E+02
  4.7542E+01
  2.1437E+01
  0.0000E+00
  5.9304E-01
  8.9222E-01
  2.0172E+00
  1.6940E+00
  2.9838E+00
  4.0905E+00
  3.8098E+00
  1.7656E+00
  3.9372E+00
  2.9282E+00
  2.3950E+00
  3.4360E-01
  0.0000E+00
  3.6325E+00
  4.2348E+00
  8.5985E+00
  2.1332E+01
  1.4387E+01
  1.7164E+01
  2.4332E+01
  1.1590E+01
  1.8130E+01
  6.6255E+00
  6.8474E+00
  1.7159E+00
  9.6749E-01
  0.0000E+00
  3.6846E+00
  1.0792E+01
  1.6259E+01
  2.0981E+01
  2.3681E+01
  1.8404E+01
  2.1738E+01
  2.2737E+01
  2.0711E+01
  8.6605E+00
  1.0160E+01
  9.7639E+00
  1.7774E+00
  0.0000E+00
  5.1977E+01
  8.9782E+01
  1.4743E+02
  1.8614E+02
  2.2971E+02
  2.2374E+02
  2.6541E+02
  1.4637E+02
  1.8872E+02
  8.4118E+01
  3.7934E+01
  1.2658E+01
  5.2866E+00
  0.0000E+00
  7.8888E+01
  2.8104E+02
  3.1062E+02
  2.0450E+02
  3.6914E+02
  4.3995E+02
  4.8309E+02
  3.0826E+02
  4.6881E+02
  2.2486E+02
  1.1374E+02
  4.6315E+01
  3.1663E+01
  0.0000E+00
  9.3267E-01
  9.2020E-01
  2.2250E+00
  1.6978E+00
  4.2947E+00
  4.7975E+00
  5.2399E+00
  4.5534E+00
  2.7390E+00
  3.0478E+00
  1.5720E+00
  8.1953E-01
  0.0000E+00
  4.6114E+00
  2.2608E+01
  3.4410E+01
  5.9270E+01
  2.8047E+01
  3.8549E+01
  3.5033E+01
  4.0995E+01
  1.9337E+01
  1.3540E+01
  8.9640E+00
  3.7170E+00
  2.1339E+00
  0.0000E+00
  9.1988E+00
  2.2807E+01
  3.2206E+01
  6.8195E+01
  3.0745E+01
  1.6554E+01
  3.0777E+01
  2.7047E+01
  2.3644E+01
  1.3258E+01
  7.9683E+00
  3.0957E+00
  1.2388E+00
  0.0000E+00
  2.7522E+01
  3.5048E+01
  4.9652E+01
  1.0603E+02
  1.4215E+02
  1.4916E+02
  1.1892E+02
  7.8761E+01
  7.2432E+01
  4.9839E+01
  2.3414E+01
  5.4419E+00
  3.0939E+00
  0.0000E+00
  6.9553E+01
  1.6130E+02
  2.4626E+02
  2.8638E+02
  4.0465E+02
  6.3344E+02
  5.7262E+02
  4.5724E+02
  2.8741E+02
  4.3868E+02
  2.6463E+02
  6.5376E+01
  4.5634E+01
  0.0000E+00
  4.7222E-01
  9.2767E-01
  1.5745E+00
  2.6086E+00
  2.1807E+00
  2.6803E+00
  3.1913E+00
  2.7479E+00
  1.3787E+00
  1.3300E+00
  1.2600E+00
  3.8710E-01
  1.7334E-01
  0.0000E+00
  8.6311E+00
  1.2111E+01
  1.3789E+01
  1.8207E+01
  2.1858E+01
  2.4763E+01
  3.6180E+01
  3.0064E+01
  1.8904E+01
  1.3664E+01
  8.6397E+00
  3.8217E+00
  1.4713E+00
  0.0000E+00
  1.9435E+01
  7.6390E+01
  5.9258E+01
  5.3149E+01
  6.5394E+01
  3.3422E+01
  9.0119E+01
  6.4653E+01
  3.4072E+01
  3.1818E+01
  1.3734E+01
  6.2004E+00
  4.3463E+00
  0.0000E+00
  2.2525E+01
  3.6624E+01
  1.0508E+02
  1.0407E+02
  2.4685E+02
  1.6567E+02
  2.2124E+02
  1.3974E+02
  1.3872E+02
  1.5146E+02
  6.4390E+01
  2.6331E+01
  6.5206E+00
  0.0000E+00
  1.2456E+02
  1.8690E+02
  2.8882E+02
  4.7157E+02
  5.5451E+02
  7.3517E+02
  6.7437E+02
  7.7232E+02
  5.8849E+02
  1.9058E+02
  2.9097E+02
  7.6650E+01
  4.1766E+01
  0.0000E+00
  9.4784E-01
  1.7902E+00
  2.0062E+00
  4.5022E+00
  5.2554E+00
  4.1332E+00
  3.6585E+00
  5.5833E+00
  5.0667E+00
  1.8912E+00
  1.3576E+00
  7.0505E-01
  2.7519E-01
  0.0000E+00
  4.5048E+00
  7.9317E+00
  7.2331E+00
  1.3500E+01
  2.1064E+01
  2.5259E+01
  1.2163E+01
  1.3556E+01
  1.0361E+01
  1.0383E+01
  6.2386E+00
  2.3929E+00
  7.6557E-01
  0.0000E+00
  3.6935E+00
  5.8041E+00
  1.0711E+01
  2.3174E+01
  1.5211E+01
  2.1723E+01
  2.2599E+01
  2.4005E+01
  3.0420E+01
  1.2674E+01
  1.6045E+01
  5.8455E+00
  2.3847E+00
  0.0000E+00
  7.8470E+01
  7.9501E+01
  1.2780E+02
  1.7942E+02
  2.0167E+02
  1.4778E+02
  2.0466E+02
  1.7563E+02
  1.0723E+02
  4.9801E+01
  3.1369E+01
  1.1419E+01
  3.6655E+00
  0.0000E+00
  1.0232E+02
  1.7043E+02
  2.5928E+02
  3.8797E+02
  7.5071E+02
  4.4200E+02
  4.0178E+02
  5.2900E+02
  4.5463E+02
  1.7423E+02
  8.4842E+01
  2.4174E+01
  1.2219E+01
  0.0000E+00
  6.8950E-01
  1.3062E+00
  3.6049E+00
  4.2223E+00
  3.7169E+00
  4.2413E+00
  4.2284E+00
  4.6612E+00
  2.7417E+00
  3.1940E+00
  2.1370E+00
  1.1917E+00
  9.8681E-01
  0.0000E+00
  7.2277E+00
  1.3878E+01
  2.2919E+01
  4.3328E+01
  3.3007E+01
  4.8874E+01
  7.8910E+01
  2.6170E+01
  4.4522E+01
  1.6397E+01
  2.4405E+01
  1.1324E+01
  0.0000E+00
  7.0545E+00
  1.4926E+01
  2.4224E+01
  2.1914E+01
  3.6925E+01
  3.8705E+01
  4.1303E+01
  5.9675E+01
  3.1393E+01
  2.1819E+01
  1.9134E+01
  4.1900E+00
  3.5129E+00
  0.0000E+00
  2.1891E+01
  8.1462E+01
  9.1728E+01
  9.5751E+01
  9.3379E+01
  1.1705E+02
  7.2470E+01
  6.5557E+01
  5.9710E+01
  3.9051E+01
  3.7852E+01
  1.4280E+01
  4.1752E+00
  0.0000E+00
  7.2471E+01
  1.6050E+02
  4.1747E+02
  3.6900E+02
  3.3732E+02
  3.7966E+02
  3.0819E+02
  5.0416E+02
  2.6018E+02
  2.1427E+02
  1.4024E+02
  2.9880E+01
  9.2832E+00
  0.0000E+00
  1.4734E+00
  2.2566E+00
  2.4744E+00
  2.2200E+00
  1.7963E+00
  2.1338E+00
  1.3060E+00
  9.9806E-01
  3.0438E-01
  6.1322E-02
  0.0000E+00
  5.0284E+00
  5.9578E+00
  1.1929E+01
  1.6761E+01
  3.9884E+01
  3.6918E+01
  1.4682E+01
  2.1249E+01
  1.9567E+01
  1.4972E+01
  1.3400E+01
  4.8286E+00
  2.9500E+00
  0.0000E+00
  1.3655E+01
  2.0335E+01
  4.4676E+01
  5.0767E+01
  5.1453E+01
  2.6368E+01
  3.1333E+01
  2.7872E+01
  2.6807E+01
  1.4024E+01
  7.3331E+00
  2.3631E+00
  1.3690E+00
  0.0000E+00
  2.4631E+01
  2.0174E+01
  6.7058E+01
  1.2377E+02
  7.7528E+01
  8.7615E+01
  1.0582E+02
  1.1460E+02
  1.0459E+02
  6.7678E+01
  5.9696E+01
  1.2247E+01
  7.6126E+00
  0.0000E+00
  6.0356E+01
  1.5598E+02
  2.6138E+02
  2.4611E+02
  4.8602E+02
  4.5304E+02
  3.1137E+02
  2.6617E+02
  3.5668E+02
  3.6938E+02
  1.8624E+02
  8.1189E+01
  4.5633E+01
  0.0000E+00
  8.0633E-01
  8.9750E-01
  1.3241E+00
  4.8974E-01
  5.6053E-01
  8.2612E-01
  5.9128E-01
  6.6035E-01
  5.2514E-01
  8.6825E-02
  0.0000E+00
  2.1497E+00
  4.3828E+00
  7.3563E+00
  1.4253E+01
  1.3584E+01
  1.3792E+01
  2.1086E+01
  1.5343E+01
  1.2782E+01
  1.0803E+01
  1.1470E+01
  4.5021E+00
  2.7787E+00
  0.0000E+00
  9.7108E+00
  8.7048E+00
  1.5578E+01
  4.0676E+01
  4.6236E+01
  4.0987E+01
  3.0742E+01
  1.8151E+01
  3.0100E+01
  1.2539E+01
  1.5152E+01
  3.0300E+00
  2.5326E+00
  0.0000E+00
  3.3488E+01
  9.9962E+01
  1.5783E+02
  2.9349E+02
  3.2005E+02
  2.5464E+02
  1.9942E+02
  2.4228E+02
  1.1966E+02
  5.6006E+01
  4.0799E+01
  9.3090E+00
  4.7008E+00
  0.0000E+00
  8.7202E+01
  1.2968E+02
  1.8832E+02
  2.2952E+02
  3.3640E+02
  1.8123E+02
  1.4457E+02
  2.4298E+02
  2.0297E+02
  8.5810E+01
  8.1643E+01
  2.0472E+01
  8.7073E+00
  0.0000E+00
  1.2455E+00
  1.7137E+00
  2.8899E+00
  4.9571E+00
  4.9462E+00
  3.4937E+00
  5.5300E+00
  4.5623E+00
  4.2424E+00
  2.0283E+00
  2.2388E+00
  6.8605E-01
  4.5682E-01
  0.0000E+00
  4.2591E+00
  1.3762E+01
  1.7615E+01
  2.8251E+01
  3.3119E+01
  2.9003E+01
  2.3397E+01
  2.6217E+01
  3.1559E+01
  1.6084E+01
  1.6301E+01
  5.0106E+00
  0.0000E+00
  7.8381E+00
  1.1119E+01
  2.1937E+01
  2.3415E+01
  4.0119E+01
  3.9777E+01
  2.9181E+01
  3.1936E+01
  1.8547E+01
  1.4953E+01
  9.4095E+00
  2.0841E+00
  9.3040E-01
  0.0000E+00
  2.6763E+01
  8.6987E+01
  1.2795E+02
  1.7826E+02
  2.4033E+02
  2.0432E+02
  2.4334E+02
  1.8655E+02
  2.0230E+02
  1.0081E+02
  1.4254E+02
  7.6239E+01
  2.5247E+01
  0.0000E+00
  4.8088E+01
  8.1289E+01
  1.7051E+02
  3.2424E+02
  3.2246E+02
  3.2183E+02
  3.1711E+02
  4.0651E+02
  2.9007E+02
  3.7577E+02
  3.7445E+02
  1.6497E+02
  8.5657E+01
  0.0000E+00
  1.3185E+00
  1.4563E+00
  1.4943E+00
  2.5973E+00
  2.7854E+00
  3.3654E+00
  4.2631E+00
  3.0279E+00
  1.2436E+00
  8.4135E-01
  9.6172E-01
  1.0901E-01
  0.0000E+00
  1.3808E+00
  1.5014E+00
  5.3181E+00
  9.1549E+00
  8.5843E+00
  1.4176E+01
  1.5936E+01
  1.1068E+01
  6.8314E+00
  6.8229E+00
  1.1264E+01
  2.7038E+00
  1.7145E+00
  0.0000E+00
  7.0971E+00
  1.8166E+01
  2.3923E+01
  3.3952E+01
  4.6418E+01
  6.8557E+01
  4.8537E+01
  4.8687E+01
  4.0494E+01
  1.5374E+01
  1.8750E+01
  8.7287E+00
  5.7562E+00
  0.0000E+00
  1.5392E+01
  2.6868E+01
  6.0866E+01
  9.0463E+01
  1.3045E+02
  1.5474E+02
  1.2049E+02
  1.5554E+02
  8.9250E+01
  7.1268E+01
  4.5932E+01
  1.1516E+01
  6.6593E+00
  0.0000E+00
  6.7795E+01
  1.1315E+02
  2.7895E+02
  3.3307E+02
  6.4044E+02
  4.0899E+02
  5.2251E+02
  5.9713E+02
  2.2938E+02
  3.5271E+02
  2.5124E+02
  1.2025E+02
  6.2604E+01
  0.0000E+00
  9.4388E-01
  9.1256E-01
  3.2059E+00
  3.1657E+00
  2.7506E+00
  3.0625E+00
  3.4791E+00
  3.2161E+00
  2.2548E+00
  2.0903E+00
  1.2941E+00
  5.7598E-01
  0.0000E+00
  4.0660E+00
  4.9047E+00
  6.9464E+00
  1.5430E+01
  1.5597E+01
  8.3893E+00
  1.1928E+01
  1.3853E+01
  9.1849E+00
  8.8244E+00
  7.3568E+00
  3.2319E+00
  8.0379E-01
  0.0000E+00
  8.6912E+00
  1.6158E+01
  2.8288E+01
  4.5393E+01
  3.9103E+01
  5.8090E+01
  2.7233E+01
  4.6706E+01
  2.9607E+01
  1.6954E+01
  1.1444E+01
  4.1095E+00
  1.7221E+00
  0.0000E+00
  5.3608E+01
  7.0185E+01
  6.7379E+01
  2.4884E+02
  1.5384E+02
  2.1297E+02
  7.9176E+01
  1.1538E+02
  8.3015E+01
  5.5467E+01
  4.1514E+01
  3.2340E+01
  9.6826E+00
  0.0000E+00
  5.6154E+01
  7.1314E+01
  2.1917E+02
  2.7059E+02
  4.2923E+02
  4.3370E+02
  6.6909E+02
  5.4994E+02
  4.4915E+02
  3.7337E+02
  2.5884E+02
  1.3406E+02
  1.2641E+02
  0.0000E+00
  2.7278E-01
  7.2971E-01
  1.5439E+00
  2.2816E+00
  3.3907E+00
  1.5449E+00
  3.8071E+00
  4.2177E+00
  4.1742E+00
  3.9731E+00
  1.9143E+00
  2.3239E+00
  5.4342E-01
  0.0000E+00
  4.2611E+00
  1.0233E+01
  1.0733E+01
  2.9792E+01
  3.0399E+01
  2.6738E+01
  2.3493E+01
  1.8222E+01
  1.6628E+01
  6.8122E+00
  7.0694E+00
  3.7150E+00
  1.5784E+00
  0.0000E+00
  3.8524E+00
  8.3459E+00
  1.2080E+01
  2.2665E+01
  2.8572E+01
  2.6286E+01
  1.7380E+01
  2.5205E+01
  2.2054E+01
  1.1650E+01
  9.6659E+00
  8.8618E+00
  1.8796E+00
  0.0000E+00
  6.5177E+01
  9.0178E+01
  1.6647E+02
  2.1112E+02
  2.0380E+02
  1.9384E+02
  2.0541E+02
  2.1823E+02
  2.1519E+02
  9.6708E+01
  8.8058E+01
  1.7503E+01
  5.8618E+00
  0.0000E+00
  5.5364E+01
  1.0713E+02
  2.3777E+02
  2.6706E+02
  2.8414E+02
  4.0264E+02
  3.5121E+02
  2.7822E+02
  3.2616E+02
  4.1506E+02
  2.3790E+02
  6.9469E+01
  8.3509E+01
  0.0000E+00
  5.3319E-01
  8.8656E-01
  1.9886E+00
  1.9194E+00
  3.4796E+00
  3.5085E+00
  4.6171E+00
  4.4634E+00
  3.3624E+00
  2.3655E+00
  2.0842E+00
  1.5672E+00
  6.9354E-01
  0.0000E+00
  2.4340E+00
  3.6299E+00
  7.7219E+00
  1.2867E+01
  1.6291E+01
  1.6105E+01
  1.2071E+01
  8.3929E+00
  9.9550E+00
  7.0461E+00
  3.5883E+00
  9.0229E-01
  2.6633E-01
  0.0000E+00
  7.5762E+00
  1.1378E+01
  3.5563E+01
  2.2047E+01
  5.0682E+01
  3.5245E+01
  9.7721E+01
  4.0775E+01
  3.2631E+01
  1.6170E+01
  1.1232E+01
  3.8557E+00
  4.7643E+00
  0.0000E+00
  1.7629E+01
  4.5627E+01
  7.7889E+01
  1.2460E+02
  9.9944E+01
  1.4941E+02
  1.2158E+02
  9.8164E+01
  5.8998E+01
  1.4478E+02
  7.0949E+01
  5.3024E+01
  2.6128E+01
  0.0000E+00
  1.2960E+02
  1.6258E+02
  3.6966E+02
  3.0531E+02
  3.8305E+02
  2.2446E+02
  3.8111E+02
  1.5049E+02
  2.4123E+02
  9.3095E+01
  3.7000E+01
  1.2580E+01
  2.2441E+00
  0.0000E+00
  7.3513E-01
  8.4337E-01
  1.9084E+00
  3.4163E+00
  4.2733E+00
  2.4935E+00
  2.2170E+00
  2.9640E+00
  1.7167E+00
  1.3307E+00
  1.9293E+00
  4.2051E-01
  2.1907E-01
  0.0000E+00
  2.8443E+00
  6.4989E+00
  1.1364E+01
  1.8060E+01
  1.4948E+01
  2.0059E+01
  9.9268E+00
  1.2542E+01
  4.6763E+00
  4.7514E+00
  3.6715E+00
  1.0450E+00
  0.0000E+00
  8.6100E+00
  2.3114E+01
  4.4025E+01
  4.7376E+01
  4.4737E+01
  4.0570E+01
  3.4071E+01
  3.3494E+01
  1.9951E+01
  6.3482E+00
  5.5820E+00
  1.3486E+00
  7.3103E-01
  0.0000E+00
  2.0332E+01
  2.7040E+01
  5.0707E+01
  1.0821E+02
  9.3990E+01
  9.4287E+01
  5.6106E+01
  1.0225E+02
  4.1227E+01
  3.1119E+01
  3.2325E+01
  6.7365E+00
  2.9977E+00
  0.0000E+00
  3.3490E+01
  7.3784E+01
  1.7313E+02
  9.6890E+01
  2.1665E+02
  2.8389E+02
  1.4915E+02
  1.7245E+02
  1.6957E+02
  1.4949E+02
  1.2060E+02
  4.3516E+01
  4.1927E+01
  0.0000E+00
  2.0648E+00
  2.4657E+00
  1.9605E+00
  2.5332E+00
  1.1719E+00
  1.5856E+00
  6.7404E-01
  7.6820E-01
  1.0705E-01
  2.1399E-02
  0.0000E+00
  4.4851E+00
  6.9445E+00
  1.4107E+01
  1.3080E+01
  1.7428E+01
  1.6654E+01
  1.6919E+01
  1.1082E+01
  1.6087E+01
  1.2269E+01
  6.4129E+00
  2.1825E+00
  1.2111E+00
  0.0000E+00
  2.4781E+01
  1.8834E+01
  3.7224E+01
  2.5226E+01
  3.0172E+01
  3.6395E+01
  1.7312E+01
  4.7868E+01
  2.5203E+01
  1.2118E+01
  1.0302E+01
  7.8646E+00
  2.1988E+00
  0.0000E+00
  6.8062E+01
  7.9371E+01
  1.2694E+02
  1.8044E+02
  1.9659E+02
  1.8823E+02
  1.1953E+02
  1.1487E+02
  1.3212E+02
  6.6620E+01
  4.2321E+01
  1.7116E+01
  7.0016E+00
  0.0000E+00
  9.7559E+01
  2.0729E+02
  2.6758E+02
  3.9195E+02
  6.3664E+02
  4.9968E+02
  4.6728E+02
  3.7268E+02
  2.6144E+02
  1.5383E+02
  1.0362E+02
  4.8363E+01
  1.2241E+01
  0.0000E+00
  1.2621E+00
  1.7048E+00
  2.9640E+00
  3.6152E+00
  2.8931E+00
  1.8970E+00
  2.2758E+00
  2.1727E+00
  1.7066E+00
  1.6509E-01
  0.0000E+00
  2.9671E+00
  7.8920E+00
  1.0527E+01
  9.3071E+00
  8.1898E+00
  7.5196E+00
  7.0259E+00
  6.5349E+00
  9.6093E+00
  3.0340E+00
  2.2411E+00
  1.4152E+00
  3.0366E-01
  0.0000E+00
  7.8498E+00
  1.5794E+01
  3.0903E+01
  3.6729E+01
  8.1262E+01
  4.5563E+01
  7.3564E+01
  4.1938E+01
  3.7820E+01
  2.4867E+01
  3.2636E+01
  1.5739E+01
  5.6571E+00
  0.0000E+00
  3.5096E+01
  6.2404E+01
  1.1241E+02
  1.0563E+02
  2.0453E+02
  1.8053E+02
  1.2019E+02
  1.3672E+02
  1.0385E+02
  5.7726E+01
  8.2482E+01
  1.7681E+01
  9.6039E+00
  0.0000E+00
  7.7747E+01
  1.3733E+02
  1.0510E+02
  3.0724E+02
  1.5756E+02
  2.5058E+02
  2.5115E+02
  2.0682E+02
  1.9367E+02
  1.0546E+02
  8.3341E+01
  3.0098E+01
  1.0474E+01
  0.0000E+00
  4.0960E-01
  1.0058E+00
  1.3756E+00
  1.9064E+00
  1.9164E+00
  1.4266E+00
  1.7387E+00
  1.3702E+00
  1.1890E+00
  6.6802E-01
  6.6604E-01
  3.6508E-01
  8.6981E-02
  0.0000E+00
  5.3129E+00
  6.1666E+00
  1.7129E+01
  2.2828E+01
  3.5256E+01
  2.5157E+01
  2.9233E+01
  2.6047E+01
  1.2291E+01
  1.4023E+01
  1.4821E+01
  2.4299E+00
  0.0000E+00
  2.3859E+01
  4.0997E+01
  8.3934E+01
  4.4768E+01
  2.3031E+01
  3.4046E+01
  2.9457E+01
  2.0399E+01
  9.2865E+00
  7.2870E+00
  2.5003E+00
  4.8472E-01
  2.9442E-01
  0.0000E+00
  2.1878E+01
  5.0326E+01
  7.8949E+01
  1.3802E+02
  1.7362E+02
  1.7776E+02
  1.5476E+02
  1.2912E+02
  2.1204E+02
  4.9219E+01
  7.7490E+01
  4.5371E+01
  1.9502E+01
  0.0000E+00
  6.4107E+01
  8.7860E+01
  1.8723E+02
  2.4064E+02
  4.9685E+02
  5.1918E+02
  6.5666E+02
  3.7949E+02
  6.0293E+02
  2.3808E+02
  1.3834E+02
  9.0371E+01
  4.2864E+01
  0.0000E+00
  3.4291E-01
  4.5232E-01
  2.0277E+00
  2.5804E+00
  2.6396E+00
  4.0918E+00
  4.0250E+00
  4.5366E+00
  5.4962E+00
  1.6622E+00
  2.6364E+00
  6.4127E-01
  0.0000E+00
  2.1249E+00
  2.1734E+00
  4.2363E+00
  9.6917E+00
  6.4620E+00
  1.6003E+01
  1.3364E+01
  8.9883E+00
  1.0712E+01
  8.2177E+00
  2.6928E+00
  1.4746E+00
  5.3016E-01
  0.0000E+00
  3.8760E+00
  1.1038E+01
  1.4528E+01
  3.3194E+01
  2.0831E+01
  2.2251E+01
  3.7711E+01
  4.6278E+01
  7.6633E+01
  3.5988E+01
  4.7076E+01
  2.2675E+01
  1.1880E+01
  0.0000E+00
  4.5377E+01
  8.0767E+01
  1.4123E+02
  2.3794E+02
  4.4527E+02
  2.6720E+02
  1.6405E+02
  2.7690E+02
  2.1273E+02
  1.3562E+02
  6.2677E+01
  4.7482E+01
  1.4941E+01
  0.0000E+00
  8.4680E+01
  1.1124E+02
  2.6391E+02
  4.6685E+02
  5.1028E+02
  8.6452E+02
  5.4506E+02
  5.5766E+02
  5.0851E+02
  4.5845E+02
  1.6300E+02
  8.4994E+01
  4.7021E+01
  0.0000E+00
  3.3049E-01
  2.8820E-01
  1.0108E+00
  1.4842E+00
  3.4127E+00
  2.6139E+00
  4.4968E+00
  2.8221E+00
  3.2984E+00
  3.7630E+00
  2.5261E+00
  2.2206E+00
  0.0000E+00
  3.5089E+00
  9.0364E+00
  1.6688E+01
  1.0776E+01
  1.9207E+01
  2.5217E+01
  2.3932E+01
  1.3014E+01
  1.3240E+01
  1.5104E+01
  1.2475E+01
  3.1945E+00
  1.2698E+00
  0.0000E+00
  2.1705E+01
  2.5203E+01
  2.9843E+01
  4.9050E+01
  2.8083E+01
  4.3515E+01
  1.9247E+01
  2.7449E+01
  1.6521E+01
  1.2681E+01
  1.2964E+01
  9.5264E-01
  5.4544E-01
  0.0000E+00
  1.5814E+01
  3.5063E+01
  4.3897E+01
  6.0722E+01
  7.9241E+01
  1.2248E+02
  3.5662E+01
  6.5002E+01
  5.0773E+01
  6.5530E+01
  4.6182E+01
  2.0490E+01
  1.1102E+01
  0.0000E+00
  6.6552E+01
  1.7610E+02
  3.8734E+02
  4.7968E+02
  7.0505E+02
  6.5783E+02
  3.8906E+02
  6.1360E+02
  5.8947E+02
  2.2350E+02
  1.4044E+02
  6.7066E+01
  5.0223E+01
  0.0000E+00
  3.8314E-01
  9.4366E-01
  1.2791E+00
  1.1563E+00
  1.8103E+00
  2.1246E+00
  1.4764E+00
  1.6062E+00
  1.1116E+00
  1.7146E+00
  1.6709E+00
  8.0319E-01
  3.5920E-01
  0.0000E+00
  1.9509E+00
  5.7815E+00
  8.8773E+00
  1.6532E+01
  2.0828E+01
  1.2590E+01
  2.1802E+01
  2.0402E+01
  1.7966E+01
  1.7775E+01
  5.1619E+00
  4.1654E+00
  1.3354E+00
  0.0000E+00
  2.3866E+00
  6.0976E+00
  1.2361E+01
  1.6106E+01
  2.5917E+01
  2.0176E+01
  3.3579E+01
  2.7602E+01
  2.6850E+01
  2.7062E+01
  2.5654E+01
  9.5598E+00
  5.7886E+00
  0.0000E+00
  1.7505E+01
  5.1983E+01
  7.1756E+01
  1.3264E+02
  1.5285E+02
  2.1723E+02
  1.6832E+02
  1.9586E+02
  2.0210E+02
  1.2707E+02
  1.4809E+02
  7.9770E+01
  3.9475E+01
  0.0000E+00
  8.5766E+01
  1.9960E+02
  2.2254E+02
  3.0715E+02
  2.4527E+02
  2.9604E+02
  2.1347E+02
  2.0025E+02
  1.2220E+02
  1.1122E+02
  3.5330E+01
  1.6284E+01
  8.6764E+00
  0.0000E+00
  8.8969E-01
  1.3909E+00
  1.7875E+00
  2.9853E+00
  4.4009E+00
  4.2250E+00
  4.3146E+00
  6.3305E+00
  2.1373E+00
  3.3725E+00
  2.1776E+00
  6.8493E-01
  5.5459E-01
  0.0000E+00
  5.4474E+00
  6.1916E+00
  1.6437E+01
  1.3496E+01
  1.6163E+01
  2.3413E+01
  1.2749E+01
  1.7987E+01
  1.3561E+01
  9.1524E+00
  6.6421E+00
  1.3442E+00
  8.3780E-01
  0.0000E+00
  5.0454E+00
  1.2712E+01
  1.7630E+01
  1.2060E+01
  3.0007E+01
  2.9804E+01
  2.2101E+01
  1.6747E+01
  2.5768E+01
  1.0651E+01
  1.4028E+01
  3.8820E+00
  1.3153E+00
  0.0000E+00
  1.9492E+01
  4.3163E+01
  8.6608E+01
  9.4175E+01
  1.1779E+02
  1.2133E+02
  1.5575E+02
  1.8323E+02
  1.7960E+02
  2.2712E+02
  1.2075E+02
  7.0571E+01
  2.3659E+01
  0.0000E+00
  1.1182E+02
  1.8547E+02
  2.1621E+02
  4.8110E+02
  2.1401E+02
  2.1725E+02
  4.0589E+02
  2.5850E+02
  1.1158E+02
  1.0557E+02
  1.0356E+02
  2.6426E+01
  6.6893E+00
  0.0000E+00
  6.5475E-01
  1.0107E+00
  2.6934E+00
  3.4665E+00
  3.3880E+00
  2.7112E+00
  2.4942E+00
  1.9130E+00
  1.2250E+00
  1.1169E+00
  1.3077E+00
  4.8917E-01
  2.6435E-01
  0.0000E+00
  1.6813E+00
  4.8861E+00
  9.5715E+00
  1.0403E+01
  1.6278E+01
  1.0322E+01
  3.1366E+01
  1.6413E+01
  2.0396E+01
  1.1843E+01
  9.1724E+00
  4.6320E+00
  0.0000E+00
  3.3643E+00
  5.0703E+00
  1.3655E+01
  1.6685E+01
  1.6218E+01
  1.9903E+01
  2.0825E+01
  1.9975E+01
  1.5574E+01
  1.6913E+01
  9.9383E+00
  5.6607E+00
  2.2887E+00
  0.0000E+00
  4.4196E+01
  8.0538E+01
  1.1938E+02
  1.7481E+02
  3.3793E+02
  2.4843E+02
  2.3197E+02
  2.2750E+02
  1.9126E+02
  1.8216E+02
  6.7648E+01
  1.0120E+01
  1.2638E+01
  0.0000E+00
  2.3430E+01
  1.3712E+02
  1.5450E+02
  2.4569E+02
  3.4587E+02
  2.9365E+02
  4.6186E+02
  3.5271E+02
  3.6442E+02
  3.0093E+02
  3.2037E+02
  2.1399E+02
  9.0308E+01
  0.0000E+00
  4.2886E+00
  6.1387E+00
  2.7451E+00
  3.9931E+00
  2.9897E+00
  2.7899E+00
  2.2750E+00
  1.9084E+00
  3.1046E-01
  7.6017E-02
  0.0000E+00
  7.6312E+00
  9.3430E+00
  1.8593E+01
  1.5209E+01
  2.0311E+01
  2.4368E+01
  1.4146E+01
  2.3286E+01
  1.4279E+01
  5.7791E+00
  3.4981E+00
  1.7350E+00
  7.0488E-01
  0.0000E+00
  4.1817E+00
  7.4473E+00
  1.0327E+01
  2.1624E+01
  1.2183E+01
  1.7245E+01
  2.0138E+01
  1.5953E+01
  9.4541E+00
  1.0957E+01
  7.4434E+00
  2.1017E+00
  9.6907E-01
  0.0000E+00
  7.7221E+01
  1.2581E+02
  1.6009E+02
  2.2301E+02
  3.4222E+02
  2.0226E+02
  1.7427E+02
  3.1404E+02
  1.4061E+02
  1.5464E+02
  7.8067E+01
  4.1768E+01
  1.8480E+01
  0.0000E+00
  5.4586E+01
  1.0298E+02
  2.0889E+02
  2.5604E+02
  3.4127E+02
  2.7665E+02
  2.7844E+02
  1.9797E+02
  3.5105E+02
  2.0306E+02
  1.8845E+02
  9.6459E+01
  3.0689E+01
  0.0000E+00
  1.1089E+00
  2.6045E+00
  2.5744E+00
  2.5485E+00
  1.9166E+00
  2.1454E+00
  1.5408E+00
  1.2762E+00
  9.4821E-01
  1.3575E-01
  0.0000E+00
  5.0844E+00
  1.0299E+01
  2.0264E+01
  1.2872E+01
  1.7879E+01
  1.8061E+01
  2.1942E+01
  2.5505E+01
  1.1451E+01
  1.2344E+01
  5.0624E+00
  2.3893E+00
  1.8040E+00
  0.0000E+00
  6.2324E+00
  5.7556E+00
  9.1096E+00
  1.2417E+01
  3.5393E+01
  1.4169E+01
  1.0001E+01
  1.5444E+01
  6.9426E+00
  1.2289E+01
  1.2717E+01
  2.5604E+00
  1.2300E+00
  0.0000E+00
  9.3594E+01
  1.4230E+02
  2.7085E+02
  4.1555E+02
  3.6477E+02
  3.2555E+02
  1.8541E+02
  1.4309E+02
  1.1318E+02
  7.2619E+01
  3.3730E+01
  9.9471E+00
  5.9137E+00
  0.0000E+00
  4.6251E+01
  6.0694E+01
  1.4648E+02
  1.7610E+02
  1.8491E+02
  1.6655E+02
  1.2431E+02
  2.2825E+02
  1.4605E+02
  7.2218E+01
  4.1191E+01
  3.2744E+01
  8.5907E+00
  0.0000E+00
  4.2738E-01
  9.6844E-01
  1.3540E+00
  3.8377E+00
  1.7383E+00
  3.4782E+00
  3.2581E+00
  2.9907E+00
  1.8580E+00
  3.0217E+00
  2.5826E+00
  8.8855E-01
  4.2209E-01
  0.0000E+00
  5.9601E+00
  1.0391E+01
  2.0767E+01
  2.1911E+01
  1.8401E+01
  3.0241E+01
  3.9060E+01
  3.5254E+01
  2.4285E+01
  2.1636E+01
  1.0702E+01
  7.1368E+00
  0.0000E+00
  7.8434E+00
  1.1660E+01
  1.7825E+01
  2.3632E+01
  3.8192E+01
  2.4986E+01
  2.7016E+01
  1.8221E+01
  1.4902E+01
  1.0995E+01
  5.7828E+00
  1.6482E+00
  5.9958E-01
  0.0000E+00
  6.0242E+01
  1.0251E+02
  1.7208E+02
  1.6874E+02
  9.1393E+01
  1.9774E+02
  1.6328E+02
  1.4962E+02
  5.9538E+01
  8.1579E+01
  2.8003E+01
  9.0765E+00
  4.2678E+00
  0.0000E+00
  1.3749E+02
  1.1731E+02
  1.7336E+02
  4.0309E+02
  4.4800E+02
  4.6477E+02
  3.7667E+02
  5.6333E+02
  2.6821E+02
  1.8017E+02
  9.1554E+01
  4.4376E+01
  2.1671E+01
  0.0000E+00
  2.5735E-01
  7.3898E-01
  1.2097E+00
  2.4493E+00
  1.6866E+00
  4.5593E+00
  2.0203E+00
  2.6575E+00
  2.0979E+00
  1.3189E+00
  8.8120E-01
  7.8314E-02
  0.0000E+00
  4.7944E+00
  5.6887E+00
  8.5428E+00
  1.3882E+01
  1.5149E+01
  6.9863E+00
  1.4499E+01
  6.4561E+00
  8.5722E+00
  4.1001E+00
  2.8382E+00
  7.9872E-01
  2.2217E-01
  0.0000E+00
  5.2352E+00
  1.4026E+01
  1.9490E+01
  3.1780E+01
  4.2988E+01
  3.8500E+01
  6.0576E+01
  5.1944E+01
  3.7312E+01
  2.0854E+01
  3.1713E+01
  1.5676E+01
  4.3633E+00
  0.0000E+00
  1.7988E+01
  4.4805E+01
  7.8090E+01
  1.2702E+02
  1.7130E+02
  1.9574E+02
  4.0092E+02
  2.2115E+02
  2.1809E+02
  1.0393E+02
  1.3290E+02
  1.3608E+02
  6.3386E+01
  0.0000E+00
  8.4363E+01
  1.9678E+02
  5.7563E+02
  3.4571E+02
  8.9937E+02
  4.9617E+02
  5.2350E+02
  5.1024E+02
  4.3550E+02
  3.4432E+02
  1.9047E+02
  1.4969E+02
  6.8804E+01
  0.0000E+00
  6.1436E-01
  9.8180E-01
  2.0137E+00
  3.9413E+00
  5.0901E+00
  2.8702E+00
  4.1532E+00
  5.2877E+00
  4.7066E+00
  2.2447E+00
  2.6671E+00
  7.9788E-01
  0.0000E+00
  1.2772E+01
  2.3101E+01
  1.9930E+01
  1.4771E+01
  2.0551E+01
  3.2319E+01
  1.3623E+01
  1.4113E+01
  7.5053E+00
  5.6427E+00
  3.3540E+00
  7.4881E-01
  5.1340E-01
  0.0000E+00
  1.2065E+01
  1.4369E+01
  6.0513E+01
  4.7912E+01
  3.4476E+01
  3.8402E+01
  2.5523E+01
  2.6310E+01
  2.3000E+01
  9.9193E+00
  1.0330E+01
  2.5829E+00
  1.3647E+00
  0.0000E+00
  7.3014E+01
  7.2759E+01
  1.1548E+02
  9.5500E+01
  1.0762E+02
  1.1736E+02
  1.1537E+02
  1.1536E+02
  5.9309E+01
  4.8534E+01
  5.4058E+01
  7.2978E+00
  3.8637E+00
  0.0000E+00
  3.0334E+02
  4.6611E+02
  9.4121E+02
  1.2441E+03
  1.3825E+03
  1.7002E+03
  9.1911E+02
  8.4059E+02
  3.1037E+02
  1.1628E+02
  1.1882E+02
  3.1075E+01
  2.4711E+01
  0.0000E+00
  1.8008E+00
  2.9010E+00
  5.7215E+00
  7.1472E+00
  8.5339E+00
  9.9469E+00
  6.8455E+00
  6.1429E+00
  3.0650E+00
  1.3610E+00
  1.3752E+00
  5.5282E-01
  2.6690E-01
  0.0000E+00
  3.8966E+00
  8.6304E+00
  7.5014E+00
  9.4504E+00
  1.3331E+01
  1.2537E+01
  1.6838E+01
  1.8660E+01
  1.1764E+01
  1.5378E+01
  7.0004E+00
  3.5808E+00
  2.3166E+00
  0.0000E+00
  1.2410E+01
  1.3107E+01
  4.6464E+01
  5.0137E+01
  6.9265E+01
  4.6425E+01
  9.3960E+01
  6.6874E+01
  5.0797E+01
  2.8886E+01
  1.6261E+01
  1.0975E+01
  3.7787E+00
  0.0000E+00
  4.9265E+01
  4.9885E+01
  1.1980E+02
  1.8342E+02
  2.0819E+02
  2.3897E+02
  1.2551E+02
  2.3067E+02
  2.5870E+02
  2.3464E+02
  2.1262E+02
  1.4226E+02
  3.2710E+01
  0.0000E+00
  8.3499E+01
  1.7689E+02
  3.3809E+02
  3.4013E+02
  6.8423E+02
  3.9321E+02
  3.3276E+02
  3.7503E+02
  2.3361E+02
  1.6766E+02
  2.4218E+02
  5.8770E+01
  2.7626E+01
  0.0000E+00
  7.9895E-01
  2.2058E+00
  1.6172E+00
  3.8801E+00
  2.6750E+00
  4.6442E+00
  3.6150E+00
  4.1482E+00
  2.6788E+00
  1.4269E+00
  1.1151E+00
  5.6235E-01
  4.6164E-01
  0.0000E+00
  5.0027E+00
  8.6051E+00
  2.5039E+01
  2.4917E+01
  2.8504E+01
  2.0128E+01
  2.4670E+01
  1.4293E+01
  1.3033E+01
  5.7632E+00
  5.8515E+00
  1.3388E+00
  5.7563E-01
  0.0000E+00
  7.2719E+00
  1.0434E+01
  2.3523E+01
  2.3261E+01
  1.3570E+01
  2.7065E+01
  2.3533E+01
  1.5410E+01
  1.1347E+01
  7.4480E+00
  5.0489E+00
  1.4464E+00
  5.7274E-01
  0.0000E+00
  7.2882E+01
  6.6172E+01
  1.4940E+02
  1.0485E+02
  2.6087E+02
  2.4015E+02
  1.3303E+02
  1.2960E+02
  1.3299E+02
  1.1386E+02
  1.0410E+02
  3.1693E+01
  7.1651E+00
  0.0000E+00
  6.6443E+01
  1.4926E+02
  1.6733E+02
  2.5612E+02
  5.3892E+02
  3.5999E+02
  4.3604E+02
  5.5719E+02
  3.4426E+02
  1.8977E+02
  9.8826E+01
  3.7416E+01
  1.7984E+01
  0.0000E+00
  7.3498E-01
  1.1530E+00
  2.8155E+00
  3.8322E+00
  5.7221E+00
  4.1923E+00
  4.3523E+00
  5.1342E+00
  4.9624E+00
  7.0767E+00
  2.2046E+00
  9.0752E-01
  7.4806E-01
  0.0000E+00
  1.8598E+00
  5.2580E+00
  1.1389E+01
  8.0817E+00
  2.0473E+01
  1.2608E+01
  1.3673E+01
  1.9683E+01
  6.6497E+00
  7.7352E+00
  6.2297E+00
  1.6030E+00
  0.0000E+00
  1.7750E+01
  2.7862E+01
  4.2716E+01
  5.1967E+01
  5.2192E+01
  3.6161E+01
  5.1173E+01
  2.8475E+01
  1.8501E+01
  9.7018E+00
  4.8359E+00
  1.5099E+00
  8.4192E-01
  0.0000E+00
  2.9216E+01
  3.5741E+01
  4.0366E+01
  9.2447E+01
  1.2201E+02
  6.0905E+01
  1.2192E+02
  1.1246E+02
  6.9341E+01
  2.8931E+01
  6.6141E+01
  9.8086E+00
  3.5002E+00
  0.0000E+00
  1.2001E+02
  1.3413E+02
  1.7786E+02
  3.1149E+02
  2.3959E+02
  2.0252E+02
  1.7672E+02
  1.0749E+02
  1.6725E+02
  6.4413E+01
  2.5714E+01
  5.2451E+00
  1.8496E+00
  0.0000E+00
  4.8842E+00
  5.1907E+00
  5.9623E+00
  4.8961E+00
  2.1269E+00
  2.8425E+00
  1.5812E+00
  9.5393E-01
  2.3894E-01
  8.0958E-02
  0.0000E+00
  3.4194E+00
  5.2156E+00
  7.3190E+00
  7.0106E+00
  1.1870E+01
  1.1045E+01
  4.9406E+00
  1.1535E+01
  6.4980E+00
  3.0157E+00
  3.1189E+00
  8.7277E-01
  3.1001E-01
  0.0000E+00
  4.7611E+00
  5.8913E+00
  9.2882E+00
  1.2575E+01
  1.1455E+01
  1.0137E+01
  1.1944E+01
  1.1667E+01
  9.4386E+00
  7.0086E+00
  5.0767E+00
  8.9685E-01
  2.0286E-01
  0.0000E+00
  7.5767E+01
  1.9042E+02
  2.5534E+02
  2.1623E+02
  1.7604E+02
  2.0050E+02
  2.6466E+02
  2.6049E+02
  1.2728E+02
  6.3837E+01
  3.6547E+01
  1.3340E+01
  5.4995E+00
  0.0000E+00
  4.7339E+01
  6.4454E+01
  1.6694E+02
  1.4210E+02
  1.4762E+02
  1.4111E+02
  2.9108E+02
  1.9409E+02
  1.3185E+02
  1.8502E+02
  7.4432E+01
  2.2449E+01
  1.7509E+01
  0.0000E+00
  1.0192E+00
  3.8074E+00
  4.2997E+00
  2.8095E+00
  3.7967E+00
  1.9541E+00
  2.3358E+00
  2.1741E+00
  1.0180E+00
  1.3030E-01
  0.0000E+00
  4.2938E+00
  5.8117E+00
  2.1432E+01
  1.3975E+01
  1.8122E+01
  2.4022E+01
  1.9038E+01
  7.3138E+00
  1.3643E+01
  1.0325E+01
  7.8814E+00
  3.4315E+00
  1.4486E+00
  0.0000E+00
  5.1103E+00
  1.4366E+01
  1.9936E+01
  2.4823E+01
  3.3340E+01
  2.9782E+01
  2.0073E+01
  2.5448E+01
  2.2456E+01
  1.7304E+01
  1.1840E+01
  5.1390E+00
  3.1419E+00
  0.0000E+00
  1.5965E+01
  3.7815E+01
  8.2844E+01
  2.2591E+02
  1.8570E+02
  1.7837E+02
  2.2095E+02
  1.2685E+02
  2.5150E+02
  9.2761E+01
  2.0109E+02
  6.6661E+01
  4.2666E+01
  0.0000E+00
  5.7051E+01
  8.4058E+01
  1.6969E+02
  2.1055E+02
  2.0297E+02
  2.5635E+02
  2.3477E+02
  3.0227E+02
  1.5460E+02
  1.2524E+02
  5.3112E+01
  2.6066E+01
  9.1658E+00
  0.0000E+00
  3.4017E-01
  5.7958E-01
  1.3491E+00
  1.8979E+00
  1.5340E+00
  2.7226E+00
  2.6202E+00
  2.3696E+00
  1.3651E+00
  1.1153E+00
  1.1666E+00
  3.7282E-01
  1.1110E-01
  0.0000E+00
  2.7983E+00
  5.7239E+00
  1.0655E+01
  1.3338E+01
  2.6141E+01
  1.4699E+01
  2.7830E+01
  3.1119E+01
  2.2589E+01
  1.3057E+01
  1.3084E+01
  3.3259E+00
  0.0000E+00
  3.0706E+00
  8.6659E+00
  8.6782E+00
  1.9882E+01
  1.7464E+01
  1.5719E+01
  1.0689E+01
  9.7268E+00
  7.9143E+00
  1.0610E+01
  9.4130E+00
  4.8143E+00
  3.6798E+00
  0.0000E+00
  2.2553E+01
  6.9761E+01
  1.1818E+02
  2.3259E+02
  1.2595E+02
  1.5968E+02
  2.1253E+02
  1.8462E+02
  1.8193E+02
  9.1222E+01
  1.2979E+02
  3.3620E+01
  1.5396E+01
  0.0000E+00
  9.0782E+01
  1.6580E+02
  1.9432E+02
  2.4582E+02
  2.0050E+02
  2.1780E+02
  2.1220E+02
  1.4065E+02
  1.1871E+02
  1.7905E+02
  6.5597E+01
  1.4220E+01
  2.5189E+00
  0.0000E+00
  7.6895E-01
  1.4934E+00
  2.3126E+00
  1.7994E+00
  4.5663E+00
  2.1645E+00
  3.3813E+00
  3.7116E+00
  2.5334E+00
  2.2969E+00
  1.5965E+00
  4.5709E-01
  0.0000E+00
  9.0962E+00
  1.1039E+01
  2.6264E+01
  2.6157E+01
  3.0292E+01
  4.2018E+01
  2.9485E+01
  1.8855E+01
  1.5441E+01
  4.9419E+00
  5.3265E+00
  1.3144E+00
  8.0939E-01
  0.0000E+00
  3.1986E+00
  9.0916E+00
  1.0656E+01
  3.4556E+01
  2.8336E+01
  2.8044E+01
  3.4272E+01
  3.7820E+01
  5.0247E+01
  1.6172E+01
  1.5829E+01
  5.0836E+00
  3.1612E+00
  0.0000E+00
  2.5643E+01
  4.6682E+01
  1.0088E+02
  1.3465E+02
  8.4656E+01
  9.8787E+01
  1.0807E+02
  6.8191E+01
  7.8333E+01
  1.0064E+02
  5.2345E+01
  3.2481E+01
  1.3577E+01
  0.0000E+00
  1.4083E+02
  3.5650E+02
  4.2812E+02
  3.7599E+02
  3.0577E+02
  4.4934E+02
  3.9677E+02
  3.6079E+02
  3.2619E+02
  2.1551E+02
  1.6035E+02
  5.8539E+01
  2.1415E+01
  0.0000E+00
  6.6085E-01
  1.1863E+00
  1.7690E+00
  4.1980E+00
  3.8288E+00
  3.5574E+00
  5.9894E+00
  3.8813E+00
  3.5249E+00
  1.3975E+00
  2.0497E+00
  6.0567E-01
  0.0000E+00
  2.4836E+00
  3.9850E+00
  1.3072E+01
  2.2844E+01
  1.9945E+01
  2.2919E+01
  2.7814E+01
  2.6867E+01
  2.4307E+01
  8.3607E+00
  1.1135E+01
  5.9958E+00
  2.8232E+00
  0.0000E+00
  8.2075E+00
  1.3823E+01
  2.3412E+01
  3.5196E+01
  5.4196E+01
  5.9821E+01
  5.3595E+01
  6.7166E+01
  6.2735E+01
  2.6580E+01
  1.5913E+01
  4.0709E+00
  6.3915E+00
  0.0000E+00
  1.4144E+01
  2.5316E+01
  6.0546E+01
  8.3186E+01
  1.2448E+02
  1.3849E+02
  1.5932E+02
  8.8375E+01
  1.3559E+02
  7.8322E+01
  6.8385E+01
  5.1762E+01
  1.8707E+01
  0.0000E+00
  6.2782E+01
  1.6752E+02
  2.1420E+02
  4.7195E+02
  2.7972E+02
  2.9553E+02
  3.3824E+02
  4.0984E+02
  3.4221E+02
  2.0204E+02
  1.0659E+02
  3.6812E+01
  1.7416E+01
  0.0000E+00
  7.4063E-01
  1.9566E+00
  2.0510E+00
  4.8789E+00
  4.5169E+00
  5.7457E+00
  3.6544E+00
  4.6810E+00
  3.8680E+00
  2.7715E+00
  1.7425E+00
  7.3828E-01
  5.0710E-01
  0.0000E+00
  6.8768E+00
  8.4943E+00
  1.4476E+01
  8.6135E+00
  1.3197E+01
  1.2540E+01
  7.6759E+00
  8.4411E+00
  1.2925E+01
  3.9367E+00
  3.8089E+00
  7.1928E-01
  2.2586E-01
  0.0000E+00
  5.6338E+00
  1.0384E+01
  8.8268E+00
  1.5886E+01
  3.4172E+01
  2.7439E+01
  3.0589E+01
  2.9992E+01
  3.2049E+01
  2.0952E+01
  1.8166E+01
  7.5273E+00
  4.6624E+00
  0.0000E+00
  3.1644E+01
  3.0960E+01
  4.3508E+01
  6.4788E+01
  6.5739E+01
  1.2889E+02
  1.0613E+02
  4.9305E+01
  5.7979E+01
  8.5766E+01
  3.8042E+01
  3.7503E+01
  9.7945E+00
  0.0000E+00
  3.5236E+01
  7.4918E+01
  2.0943E+02
  1.1864E+02
  2.0045E+02
  1.8871E+02
  1.5772E+02
  1.4985E+02
  1.4903E+02
  1.5434E+02
  1.1384E+02
  2.8832E+01
  1.0991E+01
  0.0000E+00
  5.7202E-01
  8.8021E-01
  1.3325E+00
  2.6688E+00
  2.9809E+00
  3.2603E+00
  4.5251E+00
  3.2990E+00
  2.3352E+00
  1.8273E+00
  1.6614E+00
  4.4881E-01
  2.6614E-01
  0.0000E+00
  4.4015E+00
  5.6457E+00
  7.7969E+00
  1.0255E+01
  1.8720E+01
  1.3588E+01
  1.6780E+01
  1.0972E+01
  1.0050E+01
  1.4672E+01
  7.0900E+00
  1.5549E+00
  7.4085E-01
  0.0000E+00
  6.4140E+00
  1.0028E+01
  2.4680E+01
  1.6724E+01
  1.5491E+01
  2.3633E+01
  1.8624E+01
  1.3337E+01
  1.8197E+01
  1.2234E+01
  6.4642E+00
  2.1903E+00
  6.7052E-01
  0.0000E+00
  2.1737E+01
  5.8990E+01
  6.6879E+01
  1.6937E+02
  1.6068E+02
  2.3327E+02
  1.0647E+02
  2.4737E+02
  1.9705E+02
  7.1039E+01
  1.1581E+02
  4.9646E+01
  2.1026E+01
  0.0000E+00
  4.3079E+01
  6.8730E+01
  1.1614E+02
  2.1975E+02
  1.9972E+02
  2.2566E+02
  3.2296E+02
  2.7324E+02
  2.8108E+02
  1.3603E+02
  1.2169E+02
  4.8377E+01
  1.2537E+01
  0.0000E+00
  5.3547E-01
  1.1912E+00
  1.6508E+00
  3.2083E+00
  4.0761E+00
  7.2504E+00
  4.0324E+00
  4.0712E+00
  2.6652E+00
  3.6760E+00
  2.1156E+00
  1.0781E+00
  5.0709E-01
  0.0000E+00
  3.4593E+00
  1.3414E+01
  1.3951E+01
  1.9032E+01
  3.6859E+01
  1.7020E+01
  1.9465E+01
  1.1633E+01
  1.3954E+01
  7.0419E+00
  7.5507E+00
  9.6665E-01
  0.0000E+00
  3.6883E+00
  1.3191E+01
  2.0582E+01
  2.7819E+01
  4.9534E+01
  4.0153E+01
  2.8543E+01
  3.9340E+01
  2.9722E+01
  3.1137E+01
  2.2499E+01
  1.0862E+01
  5.1355E+00
  0.0000E+00
  4.7556E+01
  8.2604E+01
  1.2888E+02
  1.0062E+02
  1.4201E+02
  1.5392E+02
  7.4396E+01
  1.0874E+02
  6.2856E+01
  5.0693E+01
  3.2915E+01
  9.8517E+00
  3.9549E+00
  0.0000E+00
  4.0342E+01
  7.3472E+01
  1.6833E+02
  1.6401E+02
  2.3013E+02
  1.1406E+02
  1.7433E+02
  1.1408E+02
  1.9093E+02
  9.2523E+01
  7.0573E+01
  2.0004E+01
  6.4496E+00
  0.0000E+00
  2.0199E+00
  1.2004E+00
  2.0419E+00
  1.2067E+00
  3.0128E+00
  1.2925E+00
  1.6965E+00
  6.1924E-01
  6.4634E-02
  4.6752E-02
  0.0000E+00
  4.2368E+00
  8.8720E+00
  2.8487E+01
  2.3742E+01
  2.3977E+01
  1.8668E+01
  1.4655E+01
  1.5395E+01
  1.0899E+01
  1.0431E+01
  2.5515E+00
  1.5880E+00
  8.2959E-01
  0.0000E+00
  7.4847E+00
  2.7512E+01
  2.5987E+01
  2.1192E+01
  2.6924E+01
  3.5217E+01
  1.8287E+01
  1.3991E+01
  7.7805E+00
  5.6846E+00
  5.1462E+00
  7.2135E-01
  2.6338E-01
  0.0000E+00
  4.9872E+01
  7.1368E+01
  1.0409E+02
  1.2261E+02
  2.7589E+02
  3.5926E+02
  1.7305E+02
  1.5864E+02
  1.1954E+02
  6.9886E+01
  9.7037E+01
  3.2660E+01
  1.0070E+01
  0.0000E+00
  7.1082E+01
  1.7065E+02
  1.7614E+02
  4.3381E+02
  3.7910E+02
  2.1455E+02
  3.9650E+02
  3.1442E+02
  1.9561E+02
  1.6146E+02
  9.6303E+01
  4.9746E+01
  1.3907E+01
  0.0000E+00
  9.3713E-01
  3.0077E+00
  2.0786E+00
  7.9901E+00
  4.5166E+00
  3.0107E+00
  4.7365E+00
  1.7435E+00
  2.5457E+00
  2.9827E-01
  0.0000E+00
  3.7313E+00
  6.3056E+00
  7.3095E+00
  2.1789E+01
  1.1763E+01
  1.9946E+01
  2.5170E+01
  1.3492E+01
  8.5392E+00
  5.3086E+00
  2.7576E+00
  7.9949E-01
  1.9870E-01
  0.0000E+00
  8.7851E+00
  2.0803E+01
  2.8588E+01
  3.1570E+01
  2.1704E+01
  3.5545E+01
  6.6554E+01
  2.8127E+01
  1.6594E+01
  1.9801E+01
  7.2804E+00
  2.4731E+00
  6.9914E-01
  0.0000E+00
  6.8194E+01
  7.4110E+01
  2.2227E+02
  1.6463E+02
  1.8656E+02
  1.0722E+02
  1.5736E+02
  1.7613E+02
  7.8367E+01
  4.6566E+01
  4.8187E+01
  1.3075E+01
  5.4850E+00
  0.0000E+00
  3.9538E+01
  7.1240E+01
  1.3829E+02
  2.1869E+02
  2.8626E+02
  4.4532E+02
  2.5969E+02
  3.2989E+02
  1.5391E+02
  1.4062E+02
  1.7749E+02
  1.1127E+02
  2.1920E+01
  0.0000E+00
  9.4345E-01
  1.1178E+00
  2.5035E+00
  4.8807E+00
  4.2060E+00
  4.2305E+00
  5.6077E+00
  6.8183E+00
  5.2598E+00
  3.1811E+00
  2.8424E+00
  1.2337E+00
  4.1577E-01
  0.0000E+00
  4.7783E+00
  6.4346E+00
  1.3463E+01
  1.8395E+01
  3.4118E+01
  1.8109E+01
  2.0699E+01
  1.4655E+01
  1.5347E+01
  7.1975E+00
  5.4667E+00
  9.0213E-01
  0.0000E+00
  5.5218E+00
  1.2141E+01
  1.5549E+01
  2.4843E+01
  3.1653E+01
  2.3395E+01
  4.4911E+01
  2.4341E+01
  3.6574E+01
  1.3726E+01
  1.2084E+01
  7.2766E+00
  2.5398E+00
  0.0000E+00
  3.4664E+01
  5.6284E+01
  1.1627E+02
  2.0254E+02
  2.6062E+02
  2.2241E+02
  1.7413E+02
  1.1125E+02
  9.5312E+01
  6.5726E+01
  4.7930E+01
  1.5443E+01
  3.2331E+00
  0.0000E+00
  8.3078E+01
  1.6220E+02
  2.3334E+02
  3.4200E+02
  2.3723E+02
  3.7237E+02
  8.0215E+02
  4.7099E+02
  2.5468E+02
  2.7468E+02
  1.9146E+02
  5.1745E+01
  3.6677E+01
  0.0000E+00
  3.7826E-01
  9.3831E-01
  2.1476E+00
  3.8628E+00
  3.7279E+00
  3.4813E+00
  1.8717E+00
  4.4919E+00
  2.6448E+00
  3.1431E+00
  1.0962E+00
  1.4235E-01
  0.0000E+00
  1.0371E+01
  7.9525E+00
  2.8094E+01
  1.6899E+01
  2.5423E+01
  3.1020E+01
  1.5241E+01
  1.5503E+01
  2.0148E+01
  1.1683E+01
  8.0465E+00
  1.6932E+00
  1.6257E+00
  0.0000E+00
  5.4434E+00
  1.0102E+01
  2.0483E+01
  2.6576E+01
  2.4083E+01
  2.3258E+01
  1.7999E+01
  2.0787E+01
  1.8527E+01
  8.3023E+00
  1.1520E+01
  3.1711E+00
  1.3317E+00
  0.0000E+00
  4.1371E+01
  7.7299E+01
  8.0097E+01
  1.2024E+02
  1.4588E+02
  1.7725E+02
  1.0278E+02
  1.0761E+02
  6.3933E+01
  5.6950E+01
  2.8417E+01
  1.4975E+01
  5.7424E+00
  0.0000E+00
  7.2249E+01
  6.7065E+01
  3.5818E+02
  2.7372E+02
  4.2406E+02
  6.5724E+02
  3.1947E+02
  5.7388E+02
  6.0558E+02
  2.9023E+02
  3.3014E+02
  1.7803E+02
  2.7224E+02
  0.0000E+00
  5.6796E-01
  1.1202E+00
  2.9576E+00
  5.9020E+00
  5.9673E+00
  4.6514E+00
  5.5394E+00
  7.4271E+00
  5.8926E+00
  3.2151E+00
  1.6180E+00
  7.0582E-01
  0.0000E+00
  2.9130E+00
  6.6609E+00
  1.2952E+01
  2.8058E+01
  2.8304E+01
  2.2258E+01
  1.1457E+01
  1.8630E+01
  1.0548E+01
  5.5897E+00
  2.7497E+00
  7.6074E-01
  6.7797E-01
  0.0000E+00
  3.1335E+00
  6.2357E+00
  7.6915E+00
  1.2839E+01
  1.0554E+01
  1.2253E+01
  1.9455E+01
  1.2985E+01
  1.1158E+01
  9.9115E+00
  1.0854E+01
  4.4189E+00
  1.3304E+00
  0.0000E+00
  3.5432E+01
  8.4134E+01
  1.9211E+02
  2.5823E+02
  3.1302E+02
  3.2399E+02
  3.2445E+02
  2.8993E+02
  2.1686E+02
  1.2694E+02
  1.4859E+02
  7.2628E+01
  3.2145E+01
  0.0000E+00
  5.7609E+01
  6.5276E+01
  1.4531E+02
  2.5768E+02
  4.0148E+02
  2.4457E+02
  3.1592E+02
  2.9582E+02
  2.6889E+02
  1.5624E+02
  1.3153E+02
  1.1983E+02
  5.5936E+01
  0.0000E+00
  7.2573E-01
  1.7743E+00
  3.3244E+00
  3.0537E+00
  4.4415E+00
  2.9136E+00
  4.0061E+00
  1.6287E+00
  2.2918E+00
  1.0964E+00
  8.4659E-01
  3.0930E-01
  6.4862E-02
  0.0000E+00
  2.8287E+00
  7.9523E+00
  8.1552E+00
  1.3692E+01
  1.1570E+01
  1.3589E+01
  7.6895E+00
  5.5326E+00
  7.1592E+00
  9.0492E+00
  5.9129E+00
  1.9534E+00
  6.0502E-01
  0.0000E+00
  1.2510E+01
  1.7512E+01
  2.3153E+01
  3.6496E+01
  2.1523E+01
  4.0487E+01
  1.8164E+01
  1.5672E+01
  1.3502E+01
  6.5288E+00
  5.3754E+00
  1.3316E+00
  4.0743E-01
  0.0000E+00
  4.3386E+01
  1.3510E+02
  1.8223E+02
  2.8590E+02
  2.5566E+02
  2.4345E+02
  2.5796E+02
  2.2436E+02
  1.8305E+02
  7.9185E+01
  7.6923E+01
  2.1408E+01
  6.2558E+00
  0.0000E+00
  1.2464E+02
  1.5301E+02
  2.2024E+02
  3.0663E+02
  3.6374E+02
  6.4998E+02
  3.7715E+02
  5.3148E+02
  4.3967E+02
  2.9463E+02
  2.0558E+02
  5.5014E+01
  3.8685E+01
  
